0 7282.3 39307 17404 30272 16876 4.6163e+05 4.5295e+05 4.9742e+05 4.5004e+05 3.8311e+05 3.0147e+05 21226 5787.1 16926 16941 54135 23540 20796 24913 36262 37197 40951 67762 19970 4.2089e+05 4.4426e+05 4.0375e+05 3.5356e+05 2.3996e+05 8236.4 10082 23366 36071 29996 49021 34247 4.0308e+05 3.2992e+05 5.3076e+05 3.8289e+05 4.2091e+05 3.5638e+05 4.026e+05 3.3635e+05 3.8235e+05 3.9092e+05 11392 21366 7066.2 22791 3.5606e+05 3.1928e+05
7282.3 0 96877 50624 86986 23807 3.7028e+05 3.8816e+05 4.0045e+05 3.5879e+05 2.845e+05 2.882e+05 10546 4941.3 25172 28609 82326 37361 32081 20112 64190 48325 39935 93424 32676 3.2228e+05 3.4565e+05 3.0829e+05 2.5628e+05 2.3325e+05 7166.4 3558.3 32112 54452 46235 82360 51716 3.053e+05 2.3132e+05 4.3215e+05 2.8428e+05 3.223e+05 2.5777e+05 3.0399e+05 2.3774e+05 2.8374e+05 2.9231e+05 5651.6 26494 7630.9 42322 2.5745e+05 2.4164e+05
39307 96877 0 3323.2 3052.7 14856 3.723e+05 3.1895e+05 4.3786e+05 3.3051e+05 4.0023e+05 2.5469e+05 1.2673e+05 50545 15413 11331 21175 16882 16808 28292 22983 27896 40333 51288 13061 4.5264e+05 4.76e+05 3.6067e+05 3.0632e+05 1.2082e+05 26238 34484 20992 21448 15612 17353 15852 3.7207e+05 3.6152e+05 5.6124e+05 4.0632e+05 4.5183e+05 3.8813e+05 4.3434e+05 3.6809e+05 4.1409e+05 4.0871e+05 50393 22344 25654 7808.9 3.878e+05 1.9913e+05
17404 50624 3323.2 0 2200.9 8005.8 4.0924e+05 3.5911e+05 4.607e+05 3.8185e+05 3.8887e+05 2.668e+05 74212 24938 9466.8 8143.9 25421 15756 12421 22224 19007 25947 37131 51026 9475 4.3334e+05 4.567e+05 3.8135e+05 3.2552e+05 1.6668e+05 12734 19133 13223 17195 14924 19629 15917 3.8688e+05 3.4237e+05 5.4321e+05 3.928e+05 4.3336e+05 3.6883e+05 4.1504e+05 3.4879e+05 3.9479e+05 3.9722e+05 27713 14264 12052 6428.5 3.6851e+05 2.3916e+05
30272 86986 3052.7 2200.9 0 12361 4.3084e+05 3.835e+05 5.0584e+05 4.1443e+05 4.381e+05 2.771e+05 1.2071e+05 45862 14272 13093 25054 21620 17023 29517 19875 31662 46013 52699 14250 4.8415e+05 5.0752e+05 4.1306e+05 3.6955e+05 1.859e+05 22248 32588 16524 18777 17426 20892 18773 4.4999e+05 3.9318e+05 5.9402e+05 4.4367e+05 4.8417e+05 4.1964e+05 4.6586e+05 3.9961e+05 4.456e+05 4.4684e+05 48506 19392 21365 9011.5 4.1932e+05 2.5463e+05
16876 23807 14856 8005.8 12361 0 3.0749e+05 2.8698e+05 3.4376e+05 2.8096e+05 2.5265e+05 2.4051e+05 48662 14622 1930.5 3110.7 14550 14325 7140 8980.3 19312 22658 28322 54451 3179.7 2.9345e+05 3.1681e+05 2.6151e+05 2.0632e+05 1.5638e+05 3236.9 7098.2 2517.2 5521.2 7291.1 16989 8459.6 2.6298e+05 2.0248e+05 4.0332e+05 2.5442e+05 2.9347e+05 2.2894e+05 2.7515e+05 2.089e+05 2.549e+05 2.6091e+05 13400 3140.2 3438.6 1858.2 2.2861e+05 1.5066e+05
4.6163e+05 3.7028e+05 3.723e+05 4.0924e+05 4.3084e+05 3.0749e+05 0 5723.2 4179.7 9734.7 17920 22012 4.8143e+05 3.7663e+05 2.995e+05 2.7901e+05 2.0053e+05 2.3118e+05 2.2279e+05 1.1995e+05 1.978e+05 1.2542e+05 1.0067e+05 2.1064e+05 2.9304e+05 1.4806e+05 1.7312e+05 9500.4 26630 66077 3.2428e+05 3.1765e+05 2.9424e+05 2.7659e+05 1.4956e+05 1.2225e+05 1.1504e+05 26965 63085 1.1166e+05 38740 74193 92296 2.719e+05 1.3826e+05 2.2543e+05 79352 3.1999e+05 2.8992e+05 3.2788e+05 2.9377e+05 2.4571e+05 35266
4.5295e+05 3.8816e+05 3.1895e+05 3.5911e+05 3.835e+05 2.8698e+05 5723.2 0 6978.2 3250 36803 24019 5.0354e+05 3.8021e+05 2.9026e+05 2.3561e+05 1.5065e+05 1.7678e+05 1.7589e+05 1.1561e+05 1.5268e+05 1.0321e+05 92727 1.6162e+05 2.8516e+05 2.1337e+05 2.3426e+05 11798 16239 39018 3.2506e+05 3.2678e+05 2.9063e+05 2.7718e+05 1.2419e+05 1.1328e+05 97885 26825 1.0697e+05 1.4837e+05 55740 1.1323e+05 1.4226e+05 3.1481e+05 1.8936e+05 2.801e+05 84440 3.3347e+05 2.852e+05 3.2627e+05 2.6732e+05 2.7637e+05 21564
4.9742e+05 4.0045e+05 4.3786e+05 4.607e+05 5.0584e+05 3.4376e+05 4179.7 6978.2 0 8248.8 19064 38116 5.1139e+05 4.1275e+05 3.4915e+05 3.1612e+05 2.652e+05 2.7278e+05 2.7055e+05 1.354e+05 2.5821e+05 1.5471e+05 1.1935e+05 2.4964e+05 3.4198e+05 1.9554e+05 2.3007e+05 12166 24744 78739 3.6038e+05 3.503e+05 3.451e+05 3.3397e+05 1.8259e+05 1.6682e+05 1.4825e+05 31678 1.0246e+05 1.7019e+05 57211 1.1185e+05 1.2905e+05 3.0708e+05 1.7555e+05 2.5471e+05 1.0282e+05 3.5502e+05 3.3885e+05 3.6503e+05 3.3934e+05 2.8967e+05 38280
4.5004e+05 3.5879e+05 3.3051e+05 3.8185e+05 4.1443e+05 2.8096e+05 9734.7 3250 8248.8 0 38742 47769 4.6983e+05 3.6792e+05 2.851e+05 2.302e+05 1.5249e+05 1.877e+05 1.8308e+05 1.1148e+05 2.1936e+05 1.3308e+05 1.0459e+05 2.2479e+05 2.7644e+05 2.4951e+05 2.8169e+05 8241.1 6838.7 31211 3.0965e+05 3.0115e+05 2.8333e+05 2.6543e+05 1.3012e+05 1.3717e+05 1.1892e+05 30536 1.2305e+05 2.0969e+05 74430 1.4404e+05 1.6292e+05 3.3015e+05 2.0745e+05 2.8418e+05 1.1773e+05 3.0959e+05 2.7953e+05 3.1367e+05 2.6229e+05 2.9124e+05 11574
3.8311e+05 2.845e+05 4.0023e+05 3.8887e+05 4.381e+05 2.5265e+05 17920 36803 19064 38742 0 40374 3.9544e+05 2.9696e+05 2.468e+05 2.5723e+05 2.508e+05 2.6159e+05 2.4886e+05 1.1828e+05 2.356e+05 1.4022e+05 1.0491e+05 2.4654e+05 2.45e+05 70113 97878 21813 42227 1.3126e+05 2.4959e+05 2.384e+05 2.3996e+05 2.3776e+05 1.8249e+05 1.5845e+05 1.3421e+05 41390 30200 84109 26850 44510 41731 1.6869e+05 83586 1.6092e+05 63579 2.3937e+05 2.3044e+05 2.537e+05 2.6334e+05 1.3657e+05 59967
3.0147e+05 2.882e+05 2.5469e+05 2.668e+05 2.771e+05 2.4051e+05 22012 24019 38116 47769 40374 0 3.3123e+05 2.8419e+05 2.442e+05 2.2227e+05 1.9788e+05 1.9797e+05 1.9895e+05 1.2578e+05 81949 57956 51267 67694 2.427e+05 91608 97277 57061 90889 1.303e+05 2.537e+05 2.562e+05 2.437e+05 2.4051e+05 1.514e+05 62731 64936 48384 64922 66000 38086 54984 70283 1.7425e+05 1.0641e+05 1.8805e+05 50686 2.7068e+05 2.4386e+05 2.5582e+05 2.359e+05 1.4861e+05 90497
21226 10546 1.2673e+05 74212 1.2071e+05 48662 4.8143e+05 5.0354e+05 5.1139e+05 4.6983e+05 3.9544e+05 3.3123e+05 0 15181 51672 55053 1.3482e+05 60316 58309 41611 1.0638e+05 73723 57779 1.2514e+05 55543 4.3322e+05 4.5659e+05 4.1923e+05 3.6722e+05 3.101e+05 27570 15027 64624 90995 76625 1.1237e+05 84614 4.1437e+05 3.4226e+05 5.4309e+05 3.9523e+05 4.3324e+05 3.6872e+05 4.1493e+05 3.4868e+05 3.9468e+05 4.0325e+05 17318 60775 27590 71968 3.6839e+05 3.5228e+05
5787.1 4941.3 50545 24938 45862 14622 3.7663e+05 3.8021e+05 4.1275e+05 3.6792e+05 2.9696e+05 2.8419e+05 15181 0 10222 12631 47755 21646 16020 17102 32903 31917 33149 71615 14295 3.3474e+05 3.5811e+05 3.1991e+05 2.6858e+05 2.2897e+05 4392.5 3222.3 18550 34047 28556 50588 31550 3.1776e+05 2.4378e+05 4.4461e+05 2.9675e+05 3.3476e+05 2.7024e+05 3.1645e+05 2.502e+05 2.962e+05 3.0477e+05 2054.1 14823 3939.2 21738 2.6991e+05 2.3929e+05
16926 25172 15413 9466.8 14272 1930.5 2.995e+05 2.9026e+05 3.4915e+05 2.851e+05 2.468e+05 2.442e+05 51672 10222 0 1863.1 12134 13495 5257.7 9296.7 16322 21074 27928 56201 1185.7 2.8564e+05 3.0901e+05 2.5828e+05 2.0962e+05 1.7383e+05 3800.3 7100.5 1322.8 4042.6 7578.7 15847 7973.9 2.6477e+05 1.9467e+05 3.9551e+05 2.473e+05 2.8566e+05 2.2113e+05 2.6735e+05 2.011e+05 2.4709e+05 2.5487e+05 7718.9 1267.3 3204.4 2379.5 2.2081e+05 1.4533e+05
16941 28609 11331 8143.9 13093 3110.7 2.7901e+05 2.3561e+05 3.1612e+05 2.302e+05 2.5723e+05 2.2227e+05 55053 12631 1863.1 0 7781.7 6096.7 2777.9 8622.7 13414 15064 20026 41982 2478.2 2.9967e+05 3.2303e+05 2.465e+05 1.786e+05 84818 5530.7 9291 3149 5578.2 3949.6 15174 5790.8 2.1012e+05 2.0766e+05 4.0642e+05 2.5457e+05 2.9732e+05 2.348e+05 2.8137e+05 2.1512e+05 2.6112e+05 2.651e+05 10618 3372 4856.6 2460.2 2.3483e+05 1.1925e+05
54135 82326 21175 25421 25054 14550 2.0053e+05 1.5065e+05 2.652e+05 1.5249e+05 2.508e+05 1.9788e+05 1.3482e+05 47755 12134 7781.7 0 12784 7952.8 15814 17053 19878 24956 42119 12586 3.0782e+05 3.3106e+05 1.74e+05 1.3762e+05 48720 24389 33039 10252 7657.5 4941.4 15383 5963.5 1.8593e+05 2.021e+05 4.0474e+05 2.4377e+05 2.9506e+05 2.4111e+05 2.8989e+05 2.2142e+05 2.6849e+05 2.6342e+05 40844 11638 24645 9538.4 2.4335e+05 58573
23540 37361 16882 15756 21620 14325 2.3118e+05 1.7678e+05 2.7278e+05 1.877e+05 2.6159e+05 1.9797e+05 60316 21646 13495 6096.7 12784 0 2092.5 10167 13395 11391 12502 26278 14132 3.3249e+05 3.5532e+05 1.8867e+05 1.5643e+05 57826 15825 19215 15280 18847 3898.2 16352 7846.7 1.9329e+05 2.1536e+05 4.1601e+05 2.5647e+05 3.0493e+05 2.6018e+05 3.1521e+05 2.4278e+05 2.9217e+05 2.8002e+05 20819 15435 14846 13384 2.6867e+05 1.128e+05
20796 32081 16808 12421 17023 7140 2.2279e+05 1.7589e+05 2.7055e+05 1.8308e+05 2.4886e+05 1.9895e+05 58309 16020 5257.7 2777.9 7952.8 2092.5 0 7567 11467 12006 13581 30070 6690.9 3.0985e+05 3.3278e+05 1.8432e+05 1.512e+05 61537 9527.9 13082 6483.9 9826.4 2841.5 16007 6389.6 1.8754e+05 1.9927e+05 4.0189e+05 2.4319e+05 2.9082e+05 2.411e+05 2.9268e+05 2.2184e+05 2.6988e+05 2.6563e+05 14615 7278.4 8226.6 6848.1 2.4614e+05 1.0128e+05
24913 20112 28292 22224 29517 8980.3 1.1995e+05 1.1561e+05 1.354e+05 1.1148e+05 1.1828e+05 1.2578e+05 41611 17102 9296.7 8622.7 15814 10167 7567 0 20018 11970 8314.4 31847 10510 2.3496e+05 2.5127e+05 1.0022e+05 90015 53054 9150.6 9960.9 10217 13105 4854.4 15140 7558.2 1.1993e+05 1.3434e+05 2.9402e+05 1.5842e+05 1.9289e+05 1.6021e+05 2.3465e+05 1.6005e+05 2.1102e+05 1.8632e+05 13828 10308 9605.8 11000 1.9107e+05 70501
36262 64190 22983 19007 19875 19312 1.978e+05 1.5268e+05 2.5821e+05 2.1936e+05 2.356e+05 81949 1.0638e+05 32903 16322 13414 17053 13395 11467 20018 0 5865.8 13178 8896.3 18972 2.5126e+05 2.6483e+05 2.297e+05 2.2905e+05 73489 24873 33973 17267 20740 12892 11559 7680.6 2.3692e+05 2.2282e+05 2.8032e+05 2.3455e+05 2.475e+05 2.3489e+05 2.9532e+05 2.4913e+05 3.1636e+05 2.5002e+05 34476 17999 23200 17473 2.4565e+05 1.3966e+05
37197 48325 27896 25947 31662 22658 1.2542e+05 1.0321e+05 1.5471e+05 1.3308e+05 1.4022e+05 57956 73723 31917 21074 15064 19878 11391 12006 11970 5865.8 0 3389.9 11497 21841 1.7733e+05 2.0243e+05 1.348e+05 1.3165e+05 53491 25564 29155 23103 25742 11164 7512.1 4134.1 1.4312e+05 1.3858e+05 2.0859e+05 1.4842e+05 1.6768e+05 1.5599e+05 2.3868e+05 1.8084e+05 2.5022e+05 1.7139e+05 29915 22965 24628 20891 1.8251e+05 88666
40951 39935 40333 37131 46013 28322 1.0067e+05 92727 1.1935e+05 1.0459e+05 1.0491e+05 51267 57779 33149 27928 20026 24956 12502 13581 8314.4 13178 3389.9 0 13751 28143 1.3824e+05 1.5174e+05 1.0014e+05 95972 48899 28965 29329 30026 33468 10946 12988 7767.1 1.0134e+05 97984 1.5418e+05 1.0553e+05 1.211e+05 1.1382e+05 1.8504e+05 1.3303e+05 2.0209e+05 1.2432e+05 30286 29894 28642 29361 1.3692e+05 74951
67762 93424 51288 51026 52699 54451 2.1064e+05 1.6162e+05 2.4964e+05 2.2479e+05 2.4654e+05 67694 1.2514e+05 71615 56201 41982 42119 26278 30070 31847 8896.3 11497 13751 0 58505 2.7845e+05 2.829e+05 2.3083e+05 2.3345e+05 69178 60123 68616 57166 61731 25254 17969 16590 2.3606e+05 2.3955e+05 2.7558e+05 2.3938e+05 2.532e+05 2.5126e+05 3.1402e+05 2.6911e+05 3.2847e+05 2.49e+05 75287 59128 59210 54226 2.7727e+05 1.7374e+05
19970 32676 13061 9475 14250 3179.7 2.9304e+05 2.8516e+05 3.4198e+05 2.7644e+05 2.45e+05 2.427e+05 55543 14295 1185.7 2478.2 12586 14132 6690.9 10510 18972 21841 28143 58505 0 2.8421e+05 3.0758e+05 2.4999e+05 2.0252e+05 1.7454e+05 5744.5 8188.5 2456 3432.9 7732 13284 7640.4 2.6332e+05 1.9324e+05 3.9408e+05 2.4589e+05 2.8423e+05 2.197e+05 2.6592e+05 1.9967e+05 2.4566e+05 2.5312e+05 10241 2445.9 5029.8 2150 2.1938e+05 1.3868e+05
4.2089e+05 3.2228e+05 4.5264e+05 4.3334e+05 4.8415e+05 2.9345e+05 1.4806e+05 2.1337e+05 1.9554e+05 2.4951e+05 70113 91608 4.3322e+05 3.3474e+05 2.8564e+05 2.9967e+05 3.0782e+05 3.3249e+05 3.0985e+05 2.3496e+05 2.5126e+05 1.7733e+05 1.3824e+05 2.7845e+05 2.8421e+05 0 3181.9 2.0046e+05 2.4269e+05 3.6646e+05 2.8798e+05 2.7647e+05 2.7943e+05 2.7907e+05 2.8574e+05 1.8263e+05 1.5562e+05 1.3947e+05 24288 19598 27601 14368 6309.9 30210 14851 57156 13191 2.7715e+05 2.6929e+05 2.918e+05 3.0564e+05 11362 2.4814e+05
4.4426e+05 3.4565e+05 4.76e+05 4.567e+05 5.0752e+05 3.1681e+05 1.7312e+05 2.3426e+05 2.3007e+05 2.8169e+05 97878 97277 4.5659e+05 3.5811e+05 3.0901e+05 3.2303e+05 3.3106e+05 3.5532e+05 3.3278e+05 2.5127e+05 2.6483e+05 2.0243e+05 1.5174e+05 2.829e+05 3.0758e+05 3181.9 0 2.2997e+05 2.6134e+05 3.848e+05 3.1134e+05 2.9983e+05 3.028e+05 3.0244e+05 3.0631e+05 1.9174e+05 1.6849e+05 1.3809e+05 25887 16003 27382 12263 5244.1 31965 14534 58020 11746 3.0052e+05 2.9266e+05 3.1517e+05 3.2901e+05 13069 2.6781e+05
4.0375e+05 3.0829e+05 3.6067e+05 3.8135e+05 4.1306e+05 2.6151e+05 9500.4 11798 12166 8241.1 21813 57061 4.1923e+05 3.1991e+05 2.5828e+05 2.465e+05 1.74e+05 1.8867e+05 1.8432e+05 1.0022e+05 2.297e+05 1.348e+05 1.0014e+05 2.3083e+05 2.4999e+05 2.0046e+05 2.2997e+05 0 8976.6 47192 2.6869e+05 2.588e+05 2.4946e+05 2.3468e+05 1.2733e+05 1.3819e+05 1.2077e+05 29120 67831 1.7668e+05 60396 1.0131e+05 1.0218e+05 2.8445e+05 1.4047e+05 2.1906e+05 1.0693e+05 2.6184e+05 2.4452e+05 2.7266e+05 2.5931e+05 2.5304e+05 17621
3.5356e+05 2.5628e+05 3.0632e+05 3.2552e+05 3.6955e+05 2.0632e+05 26630 16239 24744 6838.7 42227 90889 3.6722e+05 2.6858e+05 2.0962e+05 1.786e+05 1.3762e+05 1.5643e+05 1.512e+05 90015 2.2905e+05 1.3165e+05 95972 2.3345e+05 2.0252e+05 2.4269e+05 2.6134e+05 8976.6 0 26639 2.1755e+05 2.0733e+05 2.0238e+05 1.9151e+05 1.1455e+05 1.4151e+05 1.1282e+05 24546 99603 2.3498e+05 85491 1.4263e+05 1.3811e+05 2.6901e+05 1.5974e+05 2.2355e+05 1.2132e+05 2.1086e+05 1.9617e+05 2.2211e+05 2.0375e+05 2.2839e+05 6926.1
2.3996e+05 2.3325e+05 1.2082e+05 1.6668e+05 1.859e+05 1.5638e+05 66077 39018 78739 31211 1.3126e+05 1.303e+05 3.101e+05 2.2897e+05 1.7383e+05 84818 48720 57826 61537 53054 73489 53491 48899 69178 1.7454e+05 3.6646e+05 3.848e+05 47192 26639 0 1.913e+05 1.9979e+05 1.8002e+05 1.7575e+05 45300 70299 48023 63517 2.0839e+05 3.5301e+05 1.5742e+05 2.5183e+05 2.6365e+05 3.6648e+05 2.7007e+05 3.2966e+05 1.871e+05 2.1597e+05 1.7972e+05 1.9422e+05 1.3614e+05 3.2434e+05 11023
8236.4 7166.4 26238 12734 22248 3236.9 3.2428e+05 3.2506e+05 3.6038e+05 3.0965e+05 2.4959e+05 2.537e+05 27570 4392.5 3800.3 5530.7 24389 15825 9527.9 9150.6 24873 25564 28965 60123 5744.5 2.8798e+05 3.1134e+05 2.6869e+05 2.1755e+05 1.913e+05 0 1965.8 5280.7 11060 11964 24062 14282 2.7122e+05 1.9701e+05 3.9785e+05 2.4998e+05 2.88e+05 2.2347e+05 2.6968e+05 2.0344e+05 2.4943e+05 2.5757e+05 4112.6 4575.7 448.53 7659.5 2.2315e+05 1.7931e+05
10082 3558.3 34484 19133 32588 7098.2 3.1765e+05 3.2678e+05 3.503e+05 3.0115e+05 2.384e+05 2.562e+05 15027 3222.3 7100.5 9291 33039 19215 13082 9960.9 33973 29155 29329 68616 8188.5 2.7647e+05 2.9983e+05 2.588e+05 2.0733e+05 1.9979e+05 1965.8 0 10339 16722 16773 29865 19472 2.5946e+05 1.855e+05 3.8634e+05 2.3847e+05 2.7649e+05 2.1196e+05 2.5817e+05 1.9192e+05 2.3792e+05 2.4634e+05 1562 9144.1 2191.7 12230 2.1163e+05 1.775e+05
23366 32112 20992 13223 16524 2517.2 2.9424e+05 2.9063e+05 3.451e+05 2.8333e+05 2.3996e+05 2.437e+05 64624 18550 1322.8 3149 10252 15280 6483.9 10217 17267 23103 30026 57166 2456 2.7943e+05 3.028e+05 2.4946e+05 2.0238e+05 1.8002e+05 5280.7 10339 0 1668.4 6692.6 14485 6946.3 2.6259e+05 1.8846e+05 3.893e+05 2.4143e+05 2.7945e+05 2.1492e+05 2.6114e+05 1.9489e+05 2.4088e+05 2.4808e+05 15533 762.02 5041.8 3494.4 2.146e+05 1.4253e+05
36071 54452 21448 17195 18777 5521.2 2.7659e+05 2.7718e+05 3.3397e+05 2.6543e+05 2.3776e+05 2.4051e+05 90995 34047 4042.6 5578.2 7657.5 18847 9826.4 13105 20740 25742 33468 61731 3432.9 2.7907e+05 3.0244e+05 2.3468e+05 1.9151e+05 1.7575e+05 11060 16722 1668.4 0 7123.1 12442 6558.1 2.616e+05 1.8811e+05 3.8895e+05 2.4108e+05 2.7909e+05 2.1457e+05 2.6078e+05 1.9453e+05 2.4053e+05 2.4608e+05 27717 2648.9 10764 4152 2.1424e+05 1.2428e+05
29996 46235 15612 14924 17426 7291.1 1.4956e+05 1.2419e+05 1.8259e+05 1.3012e+05 1.8249e+05 1.514e+05 76625 28556 7578.7 3949.6 4941.4 3898.2 2841.5 4854.4 12892 11164 10946 25254 7732 2.8574e+05 3.0631e+05 1.2733e+05 1.1455e+05 45300 11964 16773 6692.6 7123.1 0 9084.5 3146.3 1.5681e+05 1.7688e+05 3.527e+05 2.0776e+05 2.4727e+05 2.1093e+05 2.7621e+05 2.0301e+05 2.5279e+05 2.3264e+05 25014 7855.2 11868 6262.8 2.3048e+05 73372
49021 82360 17353 19629 20892 16989 1.2225e+05 1.1328e+05 1.6682e+05 1.3717e+05 1.5845e+05 62731 1.1237e+05 50588 15847 15174 15383 16352 16007 15140 11559 7512.1 12988 17969 13284 1.8263e+05 1.9174e+05 1.3819e+05 1.4151e+05 70299 24062 29865 14485 12442 9084.5 0 2943.5 1.8162e+05 1.5662e+05 2.1012e+05 1.6797e+05 1.7884e+05 1.6438e+05 2.2069e+05 1.7713e+05 2.392e+05 1.7354e+05 45469 15854 23784 12514 1.7647e+05 81474
34247 51716 15852 15917 18773 8459.6 1.1504e+05 97885 1.4825e+05 1.1892e+05 1.3421e+05 64936 84614 31550 7973.9 5790.8 5963.5 7846.7 6389.6 7558.2 7680.6 4134.1 7767.1 16590 7640.4 1.5562e+05 1.6849e+05 1.2077e+05 1.1282e+05 48023 14282 19472 6946.3 6558.1 3146.3 2943.5 0 1.362e+05 1.2301e+05 1.8957e+05 1.3676e+05 1.5178e+05 1.3609e+05 1.9453e+05 1.4712e+05 2.1316e+05 1.4966e+05 26669 7690.5 13939 6183.1 1.4475e+05 64750
4.0308e+05 3.053e+05 3.7207e+05 3.8688e+05 4.4999e+05 2.6298e+05 26965 26825 31678 30536 41390 48384 4.1437e+05 3.1776e+05 2.6477e+05 2.1012e+05 1.8593e+05 1.9329e+05 1.8754e+05 1.1993e+05 2.3692e+05 1.4312e+05 1.0134e+05 2.3606e+05 2.6332e+05 1.3947e+05 1.3809e+05 29120 24546 63517 2.7122e+05 2.5946e+05 2.6259e+05 2.616e+05 1.5681e+05 1.8162e+05 1.362e+05 0 67640 77643 22083 60687 91409 1.7301e+05 1.1399e+05 1.6671e+05 33914 2.6036e+05 2.5258e+05 2.7494e+05 2.6197e+05 1.5331e+05 42143
3.2992e+05 2.3132e+05 3.6152e+05 3.4237e+05 3.9318e+05 2.0248e+05 63085 1.0697e+05 1.0246e+05 1.2305e+05 30200 64922 3.4226e+05 2.4378e+05 1.9467e+05 2.0766e+05 2.021e+05 2.1536e+05 1.9927e+05 1.3434e+05 2.2282e+05 1.3858e+05 97984 2.3955e+05 1.9324e+05 24288 25887 67831 99603 2.0839e+05 1.9701e+05 1.855e+05 1.8846e+05 1.8811e+05 1.7688e+05 1.5662e+05 1.2301e+05 67640 0 23167 5850.3 9725 6982 68115 19542 78412 14442 1.8619e+05 1.7832e+05 2.0084e+05 2.1467e+05 34039 1.1899e+05
5.3076e+05 4.3215e+05 5.6124e+05 5.4321e+05 5.9402e+05 4.0332e+05 1.1166e+05 1.4837e+05 1.7019e+05 2.0969e+05 84109 66000 5.4309e+05 4.4461e+05 3.9551e+05 4.0642e+05 4.0474e+05 4.1601e+05 4.0189e+05 2.9402e+05 2.8032e+05 2.0859e+05 1.5418e+05 2.7558e+05 3.9408e+05 19598 16003 1.7668e+05 2.3498e+05 3.5301e+05 3.9785e+05 3.8634e+05 3.893e+05 3.8895e+05 3.527e+05 2.1012e+05 1.8957e+05 77643 23167 0 13854 7531.8 12815 51653 25985 56930 9212.6 3.8702e+05 3.7916e+05 4.0168e+05 4.1551e+05 62281 2.6076e+05
3.8289e+05 2.8428e+05 4.0632e+05 3.928e+05 4.4367e+05 2.5442e+05 38740 55740 57211 74430 26850 38086 3.9523e+05 2.9675e+05 2.473e+05 2.5457e+05 2.4377e+05 2.5647e+05 2.4319e+05 1.5842e+05 2.3455e+05 1.4842e+05 1.0553e+05 2.3938e+05 2.4589e+05 27601 27382 60396 85491 1.5742e+05 2.4998e+05 2.3847e+05 2.4143e+05 2.4108e+05 2.0776e+05 1.6797e+05 1.3676e+05 22083 5850.3 13854 0 4539.5 8122.7 77713 27198 87853 9897 2.3915e+05 2.3129e+05 2.5381e+05 2.6541e+05 55033 1.0485e+05
4.2091e+05 3.223e+05 4.5183e+05 4.3336e+05 4.8417e+05 2.9347e+05 74193 1.1323e+05 1.1185e+05 1.4404e+05 44510 54984 4.3324e+05 3.3476e+05 2.8566e+05 2.9732e+05 2.9506e+05 3.0493e+05 2.9082e+05 1.9289e+05 2.475e+05 1.6768e+05 1.211e+05 2.532e+05 2.8423e+05 14368 12263 1.0131e+05 1.4263e+05 2.5183e+05 2.88e+05 2.7649e+05 2.7945e+05 2.7909e+05 2.4727e+05 1.7884e+05 1.5178e+05 60687 9725 7531.8 4539.5 0 4499.5 62287 19105 72956 5759.3 2.7717e+05 2.6931e+05 2.9182e+05 3.0566e+05 48790 1.6744e+05
3.5638e+05 2.5777e+05 3.8813e+05 3.6883e+05 4.1964e+05 2.2894e+05 92296 1.4226e+05 1.2905e+05 1.6292e+05 41731 70283 3.6872e+05 2.7024e+05 2.2113e+05 2.348e+05 2.4111e+05 2.6018e+05 2.411e+05 1.6021e+05 2.3489e+05 1.5599e+05 1.1382e+05 2.5126e+05 2.197e+05 6309.9 5244.1 1.0218e+05 1.3811e+05 2.6365e+05 2.2347e+05 2.1196e+05 2.1492e+05 2.1457e+05 2.1093e+05 1.6438e+05 1.3609e+05 91409 6982 12815 8122.7 4499.5 0 33098 9136 47134 5745.5 2.1264e+05 2.0478e+05 2.273e+05 2.4113e+05 18988 1.5432e+05
4.026e+05 3.0399e+05 4.3434e+05 4.1504e+05 4.6586e+05 2.7515e+05 2.719e+05 3.1481e+05 3.0708e+05 3.3015e+05 1.6869e+05 1.7425e+05 4.1493e+05 3.1645e+05 2.6735e+05 2.8137e+05 2.8989e+05 3.1521e+05 2.9268e+05 2.3465e+05 2.9532e+05 2.3868e+05 1.8504e+05 3.1402e+05 2.6592e+05 30210 31965 2.8445e+05 2.6901e+05 3.6648e+05 2.6968e+05 2.5817e+05 2.6114e+05 2.6078e+05 2.7621e+05 2.2069e+05 1.9453e+05 1.7301e+05 68115 51653 77713 62287 33098 0 13279 9017.1 26800 2.5886e+05 2.51e+05 2.7351e+05 2.8735e+05 25105 2.6491e+05
3.3635e+05 2.3774e+05 3.6809e+05 3.4879e+05 3.9961e+05 2.089e+05 1.3826e+05 1.8936e+05 1.7555e+05 2.0745e+05 83586 1.0641e+05 3.4868e+05 2.502e+05 2.011e+05 2.1512e+05 2.2142e+05 2.4278e+05 2.2184e+05 1.6005e+05 2.4913e+05 1.8084e+05 1.3303e+05 2.6911e+05 1.9967e+05 14851 14534 1.4047e+05 1.5974e+05 2.7007e+05 2.0344e+05 1.9192e+05 1.9489e+05 1.9453e+05 2.0301e+05 1.7713e+05 1.4712e+05 1.1399e+05 19542 25985 27198 19105 9136 13279 0 18123 8162.6 1.9261e+05 1.8475e+05 2.0726e+05 2.211e+05 12348 1.6873e+05
3.8235e+05 2.8374e+05 4.1409e+05 3.9479e+05 4.456e+05 2.549e+05 2.2543e+05 2.801e+05 2.5471e+05 2.8418e+05 1.6092e+05 1.8805e+05 3.9468e+05 2.962e+05 2.4709e+05 2.6112e+05 2.6849e+05 2.9217e+05 2.6988e+05 2.1102e+05 3.1636e+05 2.5022e+05 2.0209e+05 3.2847e+05 2.4566e+05 57156 58020 2.1906e+05 2.2355e+05 3.2966e+05 2.4943e+05 2.3792e+05 2.4088e+05 2.4053e+05 2.5279e+05 2.392e+05 2.1316e+05 1.6671e+05 78412 56930 87853 72956 47134 9017.1 18123 0 30591 2.3861e+05 2.3074e+05 2.5326e+05 2.6709e+05 51116 2.2975e+05
3.9092e+05 2.9231e+05 4.0871e+05 3.9722e+05 4.4684e+05 2.6091e+05 79352 84440 1.0282e+05 1.1773e+05 63579 50686 4.0325e+05 3.0477e+05 2.5487e+05 2.651e+05 2.6342e+05 2.8002e+05 2.6563e+05 1.8632e+05 2.5002e+05 1.7139e+05 1.2432e+05 2.49e+05 2.5312e+05 13191 11746 1.0693e+05 1.2132e+05 1.871e+05 2.5757e+05 2.4634e+05 2.4808e+05 2.4608e+05 2.3264e+05 1.7354e+05 1.4966e+05 33914 14442 9212.6 9897 5759.3 5745.5 26800 8162.6 30591 0 2.4718e+05 2.3849e+05 2.6164e+05 2.7149e+05 29110 1.3471e+05
11392 5651.6 50393 27713 48506 13400 3.1999e+05 3.3347e+05 3.5502e+05 3.0959e+05 2.3937e+05 2.7068e+05 17318 2054.1 7718.9 10618 40844 20819 14615 13828 34476 29915 30286 75287 10241 2.7715e+05 3.0052e+05 2.6184e+05 2.1086e+05 2.1597e+05 4112.6 1562 15533 27717 25014 45469 26669 2.6036e+05 1.8619e+05 3.8702e+05 2.3915e+05 2.7717e+05 2.1264e+05 2.5886e+05 1.9261e+05 2.3861e+05 2.4718e+05 0 10969 3428.5 18316 2.1232e+05 1.8644e+05
21366 26494 22344 14264 19392 3140.2 2.8992e+05 2.852e+05 3.3885e+05 2.7953e+05 2.3044e+05 2.4386e+05 60775 14823 1267.3 3372 11638 15435 7278.4 10308 17999 22965 29894 59128 2445.9 2.6929e+05 2.9266e+05 2.4452e+05 1.9617e+05 1.7972e+05 4575.7 9144.1 762.02 2648.9 7855.2 15854 7690.5 2.5258e+05 1.7832e+05 3.7916e+05 2.3129e+05 2.6931e+05 2.0478e+05 2.51e+05 1.8475e+05 2.3074e+05 2.3849e+05 10969 0 4197.7 4095.9 2.0446e+05 1.3948e+05
7066.2 7630.9 25654 12052 21365 3438.6 3.2788e+05 3.2627e+05 3.6503e+05 3.1367e+05 2.537e+05 2.5582e+05 27590 3939.2 3204.4 4856.6 24645 14846 8226.6 9605.8 23200 24628 28642 59210 5029.8 2.918e+05 3.1517e+05 2.7266e+05 2.2211e+05 1.9422e+05 448.53 2191.7 5041.8 10764 11868 23784 13939 2.7494e+05 2.0084e+05 4.0168e+05 2.5381e+05 2.9182e+05 2.273e+05 2.7351e+05 2.0726e+05 2.5326e+05 2.6164e+05 3428.5 4197.7 0 7267.4 2.2697e+05 1.8187e+05
22791 42322 7808.9 6428.5 9011.5 1858.2 2.9377e+05 2.6732e+05 3.3934e+05 2.6229e+05 2.6334e+05 2.359e+05 71968 21738 2379.5 2460.2 9538.4 13384 6848.1 11000 17473 20891 29361 54226 2150 3.0564e+05 3.2901e+05 2.5931e+05 2.0375e+05 1.3614e+05 7659.5 12230 3494.4 4152 6262.8 12514 6183.1 2.6197e+05 2.1467e+05 4.1551e+05 2.6541e+05 3.0566e+05 2.4113e+05 2.8735e+05 2.211e+05 2.6709e+05 2.7149e+05 18316 4095.9 7267.4 0 2.4081e+05 1.3281e+05
3.5606e+05 2.5745e+05 3.878e+05 3.6851e+05 4.1932e+05 2.2861e+05 2.4571e+05 2.7637e+05 2.8967e+05 2.9124e+05 1.3657e+05 1.4861e+05 3.6839e+05 2.6991e+05 2.2081e+05 2.3483e+05 2.4335e+05 2.6867e+05 2.4614e+05 1.9107e+05 2.4565e+05 1.8251e+05 1.3692e+05 2.7727e+05 2.1938e+05 11362 13069 2.5304e+05 2.2839e+05 3.2434e+05 2.2315e+05 2.1163e+05 2.146e+05 2.1424e+05 2.3048e+05 1.7647e+05 1.4475e+05 1.5331e+05 34039 62281 55033 48790 18988 25105 12348 51116 29110 2.1232e+05 2.0446e+05 2.2697e+05 2.4081e+05 0 2.2145e+05
3.1928e+05 2.4164e+05 1.9913e+05 2.3916e+05 2.5463e+05 1.5066e+05 35266 21564 38280 11574 59967 90497 3.5228e+05 2.3929e+05 1.4533e+05 1.1925e+05 58573 1.128e+05 1.0128e+05 70501 1.3966e+05 88666 74951 1.7374e+05 1.3868e+05 2.4814e+05 2.6781e+05 17621 6926.1 11023 1.7931e+05 1.775e+05 1.4253e+05 1.2428e+05 73372 81474 64750 42143 1.1899e+05 2.6076e+05 1.0485e+05 1.6744e+05 1.5432e+05 2.6491e+05 1.6873e+05 2.2975e+05 1.3471e+05 1.8644e+05 1.3948e+05 1.8187e+05 1.3281e+05 2.2145e+05 0
