0 82007 44898 1.566e+05 51477 1.1204e+05 1.0859e+05 1.1728e+05 63819 65282 78162 92644 36114 58281 97905 57197 50383 75598 42942 70196 1.436e+05 1.4844e+05 86552 1.7792e+05 79233 36021 56028 73478 87776 36508 64495 87301 74438 89847 51426 46775 55824 65892 70579 1.3175e+05 73590 37048 1.1833e+05 48672 75115 53112 81803 69742 67795 62900 78534 57783 79534
82007 0 90899 1.4632e+05 1.0514e+05 82708 1.38e+05 1.3448e+05 1.061e+05 1.1172e+05 10194 1.185e+05 1.0296e+05 31605 46264 61129 54386 22820 76810 66802 1.3264e+05 1.1425e+05 87048 1.5751e+05 12064 82282 94043 39749 20960 75499 31158 22151 18815 34430 54563 95539 68508 94260 27322 1.5805e+05 13725 82145 80797 90239 21355 76858 26187 28645 41389 37226 72212 69401 15262
44898 90899 0 1.7561e+05 38382 1.2265e+05 1.3017e+05 1.2916e+05 85563 76786 83352 1.0792e+05 50475 62470 1.2458e+05 77427 67000 69594 62265 82824 1.5372e+05 1.6861e+05 97084 1.9941e+05 85142 46298 71318 56002 1.0491e+05 26915 71978 1.0755e+05 83358 1.1548e+05 66816 56535 66458 85326 89434 1.4994e+05 86124 56775 1.2836e+05 59225 78499 64623 71744 81416 97456 71688 93923 72200 93698
1.566e+05 1.4632e+05 1.7561e+05 0 1.6898e+05 71452 82976 1.0857e+05 1.219e+05 1.2063e+05 1.5174e+05 1.1331e+05 1.4523e+05 1.4679e+05 1.4248e+05 1.0795e+05 1.2666e+05 1.545e+05 1.2014e+05 1.0422e+05 29876 77706 85632 50345 1.3845e+05 1.3309e+05 1.0816e+05 1.5707e+05 1.4648e+05 1.5931e+05 1.3366e+05 1.3468e+05 1.3071e+05 1.3695e+05 1.2194e+05 1.3906e+05 1.2444e+05 1.0857e+05 1.2881e+05 61426 1.5036e+05 1.2328e+05 1.128e+05 1.2355e+05 1.3409e+05 1.1275e+05 1.5659e+05 1.2399e+05 1.2462e+05 1.2922e+05 85959 1.0912e+05 1.4386e+05
51477 1.0514e+05 38382 1.6898e+05 0 1.3164e+05 1.1218e+05 1.3188e+05 67785 56935 1.0229e+05 1.0451e+05 26665 77564 1.3876e+05 84672 75431 91255 71062 94363 1.5444e+05 1.7269e+05 95686 1.994e+05 1.0032e+05 54656 66237 81808 1.2155e+05 42242 83860 1.1909e+05 95434 1.2774e+05 77851 55098 81677 76860 1.029e+05 1.3462e+05 1.002e+05 53489 1.4302e+05 65626 93869 69302 94628 93051 1.1082e+05 87296 96822 79706 1.0689e+05
1.1204e+05 82708 1.2265e+05 71452 1.3164e+05 0 79087 75344 1.0084e+05 88431 83754 74918 1.1409e+05 84573 73113 55093 75769 87113 72825 48911 52173 58179 44659 81068 71685 80977 74859 92342 77076 1.0212e+05 68813 69463 66433 70349 64011 88140 65239 72394 61147 89522 88780 86186 50618 70518 66528 64364 89326 58964 57794 63944 38114 57692 79303
1.0859e+05 1.38e+05 1.3017e+05 82976 1.1218e+05 79087 0 92179 54930 59689 1.3962e+05 75102 89575 1.2425e+05 1.4288e+05 81527 99243 1.4015e+05 76269 76989 70099 1.2125e+05 63619 1.2039e+05 1.3004e+05 88768 67347 1.3696e+05 1.4222e+05 1.2031e+05 1.178e+05 1.3265e+05 1.217e+05 1.3615e+05 96464 83988 87874 56656 1.1904e+05 34796 1.3882e+05 81440 1.1602e+05 79362 1.2298e+05 76473 1.4223e+05 1.131e+05 1.1399e+05 1.1132e+05 77950 77297 1.3307e+05
1.1728e+05 1.3448e+05 1.2916e+05 1.0857e+05 1.3188e+05 75344 92179 0 1.0542e+05 89809 1.3263e+05 45130 1.1401e+05 1.1488e+05 1.4074e+05 78341 97161 1.3181e+05 76876 76141 92621 93432 70359 1.1844e+05 1.2465e+05 85706 76599 1.2783e+05 1.3814e+05 1.1426e+05 1.1021e+05 1.3086e+05 1.1799e+05 1.3481e+05 90152 91725 79359 73423 1.1431e+05 97379 1.3605e+05 86235 71618 74480 1.1649e+05 68218 1.3411e+05 1.0778e+05 1.1002e+05 1.0354e+05 70642 69779 1.3137e+05
63819 1.061e+05 85563 1.219e+05 67785 1.0084e+05 54930 1.0542e+05 0 38643 1.0295e+05 69171 57267 82004 1.2603e+05 71573 73052 1.0047e+05 62033 84631 1.06e+05 1.4986e+05 73679 1.5838e+05 97709 56560 41787 99596 1.1412e+05 77185 82666 1.1034e+05 90989 1.1578e+05 71404 60503 72011 43601 91016 74654 1.0382e+05 51504 1.2975e+05 57454 91718 58169 1.0483e+05 83776 96966 79322 75772 68043 98506
65282 1.1172e+05 76786 1.2063e+05 56935 88431 59689 89809 38643 0 1.0929e+05 59785 39152 86945 1.2375e+05 61819 64156 1.0565e+05 43062 61962 1.029e+05 1.3591e+05 52032 1.5523e+05 1.0213e+05 40430 34793 99836 1.1817e+05 69285 84738 1.123e+05 94770 1.1544e+05 61051 28519 50641 35687 94024 80551 1.0928e+05 42431 1.0872e+05 35975 93912 38103 1.083e+05 85324 92059 80006 65611 48740 1.0819e+05
78162 10194 83352 1.5174e+05 1.0229e+05 83754 1.3962e+05 1.3263e+05 1.0295e+05 1.0929e+05 0 1.1285e+05 1.0122e+05 25978 48090 59095 53737 15754 76578 65912 1.3171e+05 1.2229e+05 86659 1.639e+05 17177 76097 92148 32285 24055 67075 25942 29431 21779 38921 51665 89488 63490 92978 24841 1.586e+05 9519.7 81228 81271 83776 19632 73102 18464 28211 37536 30883 72606 67090 19358
92644 1.185e+05 1.0792e+05 1.1331e+05 1.0451e+05 74918 75102 45130 69171 59785 1.1285e+05 0 88691 97156 1.2149e+05 61810 85217 1.1303e+05 65085 70370 91380 1.1534e+05 54798 1.3473e+05 1.086e+05 67064 55634 1.1284e+05 1.1872e+05 94023 94678 1.1526e+05 1.0309e+05 1.1745e+05 78086 66940 67133 42253 94471 87721 1.178e+05 70406 67539 59256 1.0143e+05 54934 1.17e+05 92488 90245 87010 57327 56636 1.1408e+05
36114 1.0296e+05 50475 1.4523e+05 26665 1.1409e+05 89575 1.1401e+05 57267 39152 1.0122e+05 88691 0 75661 1.2994e+05 71556 54716 93080 50170 75796 1.3615e+05 1.4871e+05 77286 1.7584e+05 96794 36266 47359 84208 1.1675e+05 45488 76565 1.125e+05 90848 1.1991e+05 59744 37286 62766 60317 95000 1.151e+05 99222 32187 1.25e+05 47708 88634 51525 96367 83568 99082 75811 82622 62861 1.0257e+05
58281 31605 62470 1.4679e+05 77564 84573 1.2425e+05 1.1488e+05 82004 86945 25978 97156 75661 0 65021 47063 29495 19517 54306 51724 1.2697e+05 1.2376e+05 77046 1.6208e+05 25285 52927 67768 20146 45184 44261 20106 45656 24594 55116 29257 68364 42417 74642 31701 1.4303e+05 29111 56451 82902 61531 23220 52269 24337 28993 41983 22908 64619 49046 33125
97905 46264 1.2458e+05 1.4248e+05 1.3876e+05 73113 1.4288e+05 1.4074e+05 1.2603e+05 1.2375e+05 48090 1.2149e+05 1.2994e+05 65021 0 62936 79264 60823 92240 70003 1.2296e+05 1.0826e+05 83841 1.5399e+05 44141 99392 1.1565e+05 77251 26297 1.0235e+05 56944 24698 44960 13279 75344 1.0328e+05 79069 1.0281e+05 35911 1.6163e+05 48624 1.0629e+05 76896 1.0248e+05 47537 88616 64150 47491 32337 55667 70890 77601 45735
57197 61129 77427 1.0795e+05 84672 55093 81527 78341 71573 61819 59095 61810 71556 47063 62936 0 40187 61842 33832 17925 88263 1.0072e+05 35007 1.299e+05 53042 42781 54659 64370 61756 59191 43344 55009 45541 57325 32169 49767 32204 41035 38173 1.0062e+05 61382 46492 64080 44289 48060 28212 65793 37079 32873 36007 23508 17337 57772
50383 54386 67000 1.2666e+05 75431 75769 99243 97161 73052 64156 53737 85217 54716 29495 79264 40187 0 48432 30746 35782 1.1562e+05 1.0579e+05 62359 1.4715e+05 48080 34817 42685 42442 67176 43465 28429 62379 41678 69190 12510 51357 24003 58418 44857 1.2191e+05 51855 30583 75446 42927 39721 32245 50997 33691 48417 26322 56045 31802 54369
75598 22820 69594 1.545e+05 91255 87113 1.4015e+05 1.3181e+05 1.0047e+05 1.0565e+05 15754 1.1303e+05 93080 19517 60823 61842 48432 0 73117 66167 1.3437e+05 1.2497e+05 88122 1.6684e+05 19807 70033 86444 17620 37610 56001 22960 41874 24838 51521 47911 85505 60209 91743 31251 1.5904e+05 19920 75179 84388 78666 21654 69710 7244.5 30555 45071 31308 75466 65704 28332
42942 76810 62265 1.2014e+05 71062 72825 76269 76876 62033 43062 76578 65085 50170 54306 92240 33832 30746 73117 0 28278 1.0274e+05 1.0937e+05 45965 1.3854e+05 69713 24589 33630 66851 86066 45560 51963 78671 63087 84867 27085 28298 13922 39681 62100 99677 77336 23372 76346 21385 61089 16149 75757 53591 60431 47224 50822 21341 74936
70196 66802 82824 1.0422e+05 94363 48911 76989 76141 84631 61962 65912 70370 75796 51724 70003 17925 35782 66167 28278 0 81680 87550 28264 1.209e+05 56392 45016 55363 63902 68930 61910 44352 61409 49213 62940 27342 47846 22333 46850 45638 97640 68380 48880 51386 41718 49050 28500 68236 39023 41097 37923 33404 16996 62693
1.436e+05 1.3264e+05 1.5372e+05 29876 1.5444e+05 52173 70099 92621 1.06e+05 1.029e+05 1.3171e+05 91380 1.3615e+05 1.2697e+05 1.2296e+05 88263 1.1562e+05 1.3437e+05 1.0274e+05 81680 0 87697 60484 68227 1.2144e+05 1.0888e+05 93002 1.352e+05 1.2833e+05 1.358e+05 1.1501e+05 1.2104e+05 1.1561e+05 1.2235e+05 1.0499e+05 1.1175e+05 99185 91206 1.0926e+05 48252 1.3787e+05 1.1259e+05 93781 96694 1.146e+05 92641 1.3418e+05 1.0661e+05 1.0315e+05 1.0853e+05 67377 90714 1.2909e+05
1.4844e+05 1.1425e+05 1.6861e+05 77706 1.7269e+05 58179 1.2125e+05 93432 1.4986e+05 1.3591e+05 1.2229e+05 1.1534e+05 1.4871e+05 1.2376e+05 1.0826e+05 1.0072e+05 1.0579e+05 1.2497e+05 1.0937e+05 87550 87697 0 92034 66074 1.0654e+05 1.2919e+05 1.2058e+05 1.3227e+05 1.1327e+05 1.469e+05 1.0604e+05 1.0096e+05 1.006e+05 1.0307e+05 1.0312e+05 1.3436e+05 1.0745e+05 1.1968e+05 1.0021e+05 1.2134e+05 1.1992e+05 1.23e+05 68035 1.192e+05 1.0384e+05 1.1065e+05 1.2776e+05 95638 98501 1.0465e+05 84345 1.0025e+05 1.1209e+05
86552 87048 97084 85632 95686 44659 63619 70359 73679 52032 86659 54798 77286 77046 83841 35007 62359 88122 45965 28264 60484 92034 0 1.114e+05 75537 53131 45503 87087 85371 82616 66718 77489 70048 79026 53704 56817 45716 36541 64203 83152 91024 54085 61175 42680 69221 35268 90053 59654 58976 60915 25820 35358 83006
1.7792e+05 1.5751e+05 1.9941e+05 50345 1.994e+05 81068 1.2039e+05 1.1844e+05 1.5838e+05 1.5523e+05 1.639e+05 1.3473e+05 1.7584e+05 1.6208e+05 1.5399e+05 1.299e+05 1.4715e+05 1.6684e+05 1.3854e+05 1.209e+05 68227 66074 1.114e+05 0 1.5017e+05 1.5638e+05 1.3813e+05 1.7107e+05 1.5735e+05 1.8019e+05 1.4734e+05 1.4542e+05 1.4383e+05 1.4932e+05 1.3903e+05 1.6265e+05 1.4091e+05 1.3792e+05 1.4156e+05 1.0381e+05 1.6489e+05 1.5033e+05 1.1138e+05 1.4385e+05 1.4619e+05 1.378e+05 1.6912e+05 1.3732e+05 1.3824e+05 1.4384e+05 1.0916e+05 1.3219e+05 1.5594e+05
79233 12064 85142 1.3845e+05 1.0032e+05 71685 1.3004e+05 1.2465e+05 97709 1.0213e+05 17177 1.086e+05 96794 25285 44141 53042 48080 19807 69713 56392 1.2144e+05 1.0654e+05 75537 1.5017e+05 0 72374 86333 36055 21756 67571 20858 23730 9328.3 33353 47286 85121 57763 84093 18690 1.4919e+05 19838 75561 69619 79720 10540 65786 24820 17947 33922 26798 62199 58576 10882
36021 82282 46298 1.3309e+05 54656 80977 88768 85706 56560 40430 76097 67064 36266 52927 99392 42781 34817 70033 24589 45016 1.0888e+05 1.2919e+05 53131 1.5638e+05 72374 0 27368 61473 89525 32510 52197 87972 68256 93350 31572 25372 28435 44779 66565 1.0912e+05 81258 14930 89665 13823 62153 21502 72299 57973 67627 48837 56578 33631 80185
56028 94043 71318 1.0816e+05 66237 74859 67347 76599 41787 34793 92148 55634 47359 67768 1.1565e+05 54659 42685 86444 33630 55363 93002 1.2058e+05 45503 1.3813e+05 86333 27368 0 78749 1.0523e+05 57044 66696 99749 79724 1.06e+05 40992 47499 42426 34424 82004 88262 90117 20701 99707 24794 77983 29747 89447 71410 83559 64232 55224 42654 91286
73478 39749 56002 1.5707e+05 81808 92342 1.3696e+05 1.2783e+05 99596 99836 32285 1.1284e+05 84208 20146 77251 64370 42442 17620 66851 63902 1.352e+05 1.3227e+05 87087 1.7107e+05 36055 61473 78749 0 55049 45861 28819 58767 38251 68732 43360 80061 53685 89884 44902 1.571e+05 37538 67232 89260 70314 31437 63658 17289 39869 54312 31736 78607 63776 45634
87776 20960 1.0491e+05 1.4648e+05 1.2155e+05 77076 1.4222e+05 1.3814e+05 1.1412e+05 1.1817e+05 24055 1.1872e+05 1.1675e+05 45184 26297 61756 67176 37610 86066 68930 1.2833e+05 1.1327e+05 85371 1.5735e+05 21756 89525 1.0523e+05 55049 0 86970 40973 13314 26632 16104 64759 99537 73410 98855 24593 1.6129e+05 25159 94878 77515 95980 28897 82123 41525 33824 33225 42736 70975 73526 23682
36508 75499 26915 1.5931e+05 42242 1.0212e+05 1.2031e+05 1.1426e+05 77185 69285 67075 94023 45488 44261 1.0235e+05 59191 43465 56001 45560 61910 1.358e+05 1.469e+05 82616 1.8019e+05 67571 32510 57044 45861 86970 0 49330 88491 64930 95790 44759 46325 41795 72026 67978 1.392e+05 71562 43284 1.0463e+05 42525 59556 48865 58418 58810 73336 48551 76730 52120 76056
64495 31158 71978 1.3366e+05 83860 68813 1.178e+05 1.1021e+05 82666 84738 25942 94678 76565 20106 56944 43344 28429 22960 51963 44352 1.1501e+05 1.0604e+05 66718 1.4734e+05 20858 52197 66696 28819 40973 49330 0 40509 18880 48089 28196 67127 39887 69644 21558 1.3702e+05 29880 55602 66147 60152 13393 48495 24935 12848 31681 10343 54950 44043 29007
87301 22151 1.0755e+05 1.3468e+05 1.1909e+05 69463 1.3265e+05 1.3086e+05 1.1034e+05 1.123e+05 29431 1.1526e+05 1.125e+05 45656 24698 55009 62379 41874 78671 61409 1.2104e+05 1.0096e+05 77489 1.4542e+05 23730 87972 99749 58767 13314 88491 40509 0 26024 13081 60341 96487 69446 91590 23737 1.5208e+05 29089 89560 71248 93487 30628 77590 46373 31744 32134 42980 62604 67494 24664
74438 18815 83358 1.3071e+05 95434 66433 1.217e+05 1.1799e+05 90989 94770 21779 1.0309e+05 90848 24594 44960 45541 41678 24838 63087 49213 1.1561e+05 1.006e+05 70048 1.4383e+05 9328.3 68256 79724 38251 26632 64930 18880 26024 0 33829 40031 80312 53166 77568 13929 1.4097e+05 22680 69227 64141 75025 8176.9 60635 28795 11900 28862 21851 55161 52289 15418
89847 34430 1.1548e+05 1.3695e+05 1.2774e+05 70349 1.3615e+05 1.3481e+05 1.1578e+05 1.1544e+05 38921 1.1745e+05 1.1991e+05 55116 13279 57325 69190 51521 84867 62940 1.2235e+05 1.0307e+05 79026 1.4932e+05 33353 93350 1.06e+05 68732 16104 95790 48089 13081 33829 0 66245 1.0016e+05 73701 94652 28157 1.5489e+05 36286 96232 73457 97781 38705 80769 56364 37340 30958 48768 64820 69550 33565
51426 54563 66816 1.2194e+05 77851 64011 96464 90152 71404 61051 51665 78086 59744 29257 75344 32169 12510 47911 27085 27342 1.0499e+05 1.0312e+05 53704 1.3903e+05 47286 31572 40992 43360 64759 44759 28196 60341 40031 66245 0 46877 21350 54088 41523 1.1605e+05 51770 33231 67420 37993 38777 28120 50778 32139 43441 23483 47168 26153 52996
46775 95539 56535 1.3906e+05 55098 88140 83988 91725 60503 28519 89488 66940 37286 68364 1.0328e+05 49767 51357 85505 28298 47846 1.1175e+05 1.3436e+05 56817 1.6265e+05 85121 25372 47499 80061 99537 46325 67127 96487 80312 1.0016e+05 46877 0 31466 47975 75702 1.041e+05 95190 37449 92942 27098 75782 31527 86581 69197 72774 61051 64830 37377 92101
55824 68508 66458 1.2444e+05 81677 65239 87874 79359 72011 50641 63490 67133 62766 42417 79069 32204 24003 60209 13922 22333 99185 1.0745e+05 45716 1.4091e+05 57763 28435 42426 53685 73410 41795 39887 69446 53166 73701 21350 31466 0 46469 49583 1.0907e+05 68777 35733 64306 25179 48297 16716 62191 42033 47324 34727 49809 19088 65365
65892 94260 85326 1.0857e+05 76860 72394 56656 73423 43601 35687 92978 42253 60317 74642 1.0281e+05 41035 58418 91743 39681 46850 91206 1.1968e+05 36541 1.3792e+05 84093 44779 34424 89884 98855 72026 69644 91590 77568 94652 54088 47975 46469 0 74863 78798 94756 40988 93290 39957 77987 30699 94395 67145 71606 65469 44168 32392 86428
70579 27322 89434 1.2881e+05 1.029e+05 61147 1.1904e+05 1.1431e+05 91016 94024 24841 94471 95000 31701 35911 38173 44857 31251 62100 45638 1.0926e+05 1.0021e+05 64203 1.4156e+05 18690 66565 82004 44902 24593 67978 21558 23737 13929 28157 41523 75702 49583 74863 0 1.3817e+05 28612 72164 59007 72162 15987 58191 36250 11705 15257 20970 49900 49360 23090
1.3175e+05 1.5805e+05 1.4994e+05 61426 1.3462e+05 89522 34796 97379 74654 80551 1.586e+05 87721 1.151e+05 1.4303e+05 1.6163e+05 1.0062e+05 1.2191e+05 1.5904e+05 99677 97640 48252 1.2134e+05 83152 1.0381e+05 1.4919e+05 1.0912e+05 88262 1.571e+05 1.6129e+05 1.392e+05 1.3702e+05 1.5208e+05 1.4097e+05 1.5489e+05 1.1605e+05 1.041e+05 1.0907e+05 78798 1.3817e+05 0 1.591e+05 1.0269e+05 1.3012e+05 1.0105e+05 1.4266e+05 96072 1.6123e+05 1.3229e+05 1.3313e+05 1.3017e+05 92369 94735 1.5197e+05
73590 13725 86124 1.5036e+05 1.002e+05 88780 1.3882e+05 1.3605e+05 1.0382e+05 1.0928e+05 9519.7 1.178e+05 99222 29111 48624 61382 51855 19920 77336 68380 1.3787e+05 1.1992e+05 91024 1.6489e+05 19838 81258 90117 37538 25159 71562 29880 29089 22680 36286 51770 95190 68777 94756 28612 1.591e+05 0 79485 86728 89137 23793 75957 24776 31701 39522 35565 75398 68977 20633
37048 82145 56775 1.2328e+05 53489 86186 81440 86235 51504 42431 81228 70406 32187 56451 1.0629e+05 46492 30583 75179 23372 48880 1.1259e+05 1.23e+05 54085 1.5033e+05 75561 14930 20701 67232 94878 43284 55602 89560 69227 96232 33231 37449 35733 40988 72164 1.0269e+05 79485 0 97473 22321 67276 22642 78144 61135 74800 53804 56589 35272 79505
1.1833e+05 80797 1.2836e+05 1.128e+05 1.4302e+05 50618 1.1602e+05 71618 1.2975e+05 1.0872e+05 81271 67539 1.25e+05 82902 76896 64080 75446 84388 76346 51386 93781 68035 61175 1.1138e+05 69619 89665 99707 89260 77515 1.0463e+05 66147 71248 64141 73457 67420 92942 64306 93290 59007 1.3012e+05 86728 97473 0 82758 63802 75369 86273 56275 55670 62649 54982 65703 77475
48672 90239 59225 1.2355e+05 65626 70518 79362 74480 57454 35975 83776 59256 47708 61531 1.0248e+05 44289 42927 78666 21385 41718 96694 1.192e+05 42680 1.4385e+05 79720 13823 24794 70314 95980 42525 60152 93487 75025 97781 37993 27098 25179 39957 72162 1.0105e+05 89137 22321 82758 0 69519 18868 80590 64513 70533 55774 49021 32421 87290
75115 21355 78499 1.3409e+05 93869 66528 1.2298e+05 1.1649e+05 91718 93912 19632 1.0143e+05 88634 23220 47537 48060 39721 21654 61089 49050 1.146e+05 1.0384e+05 69221 1.4619e+05 10540 62153 77983 31437 28897 59556 13393 30628 8176.9 38705 38777 75782 48297 77987 15987 1.4266e+05 23793 67276 63802 69519 0 57331 24313 12584 30432 17837 57647 52019 18180
53112 76858 64623 1.1275e+05 69302 64364 76473 68218 58169 38103 73102 54934 51525 52269 88616 28212 32245 69710 16149 28500 92641 1.1065e+05 35268 1.378e+05 65786 21502 29747 63658 82123 48865 48495 77590 60635 80769 28120 31527 16716 30699 58191 96072 75957 22642 75369 18868 57331 0 72331 49545 56662 43804 38459 15703 72131
81803 26187 71744 1.5659e+05 94628 89326 1.4223e+05 1.3411e+05 1.0483e+05 1.083e+05 18464 1.17e+05 96367 24337 64150 65793 50997 7244.5 75757 68236 1.3418e+05 1.2776e+05 90053 1.6912e+05 24820 72299 89447 17289 41525 58418 24935 46373 28795 56364 50778 86581 62191 94395 36250 1.6123e+05 24776 78144 86273 80590 24313 72331 0 33666 48852 33345 78042 68364 33462
69742 28645 81416 1.2399e+05 93051 58964 1.131e+05 1.0778e+05 83776 85324 28211 92488 83568 28993 47491 37079 33691 30555 53591 39023 1.0661e+05 95638 59654 1.3732e+05 17947 57973 71410 39869 33824 58810 12848 31744 11900 37340 32139 69197 42033 67145 11705 1.3229e+05 31701 61135 56275 64513 12584 49545 33666 0 22240 13452 46370 41558 24163
67795 41389 97456 1.2462e+05 1.1082e+05 57794 1.1399e+05 1.1002e+05 96966 92059 37536 90245 99082 41983 32337 32873 48417 45071 60431 41097 1.0315e+05 98501 58976 1.3824e+05 33922 67627 83559 54312 33225 73336 31681 32134 28862 30958 43441 72774 47324 71606 15257 1.3313e+05 39522 74800 55670 70533 30432 56662 48852 22240 0 27036 44637 46372 37738
62900 37226 71688 1.2922e+05 87296 63944 1.1132e+05 1.0354e+05 79322 80006 30883 87010 75811 22908 55667 36007 26322 31308 47224 37923 1.0853e+05 1.0465e+05 60915 1.4384e+05 26798 48837 64232 31736 42736 48551 10343 42980 21851 48768 23483 61051 34727 65469 20970 1.3017e+05 35565 53804 62649 55774 17837 43804 33345 13452 27036 0 48955 38278 33331
78534 72212 93923 85959 96822 38114 77950 70642 75772 65611 72606 57327 82622 64619 70890 23508 56045 75466 50822 33404 67377 84345 25820 1.0916e+05 62199 56578 55224 78607 70975 76730 54950 62604 55161 64820 47168 64830 49809 44168 49900 92369 75398 56589 54982 49021 57647 38459 78042 46370 44637 48955 0 34369 68253
57783 69401 72200 1.0912e+05 79706 57692 77297 69779 68043 48740 67090 56636 62861 49046 77601 17337 31802 65704 21341 16996 90714 1.0025e+05 35358 1.3219e+05 58576 33631 42654 63776 73526 52120 44043 67494 52289 69550 26153 37377 19088 32392 49360 94735 68977 35272 65703 32421 52019 15703 68364 41558 46372 38278 34369 0 64118
79534 15262 93698 1.4386e+05 1.0689e+05 79303 1.3307e+05 1.3137e+05 98506 1.0819e+05 19358 1.1408e+05 1.0257e+05 33125 45735 57772 54369 28332 74936 62693 1.2909e+05 1.1209e+05 83006 1.5594e+05 10882 80185 91286 45634 23682 76056 29007 24664 15418 33565 52996 92101 65365 86428 23090 1.5197e+05 20633 79505 77475 87290 18180 72131 33462 24163 37738 33331 68253 64118 0
