0 1.1827e+05 60589 2.3004e+05 72485 1.6073e+05 1.5903e+05 1.699e+05 90574 91175 1.0979e+05 1.3151e+05 49933 80808 1.3848e+05 79882 69163 1.0602e+05 61599 99033 2.0686e+05 2.1462e+05 1.2321e+05 2.6354e+05 1.124e+05 46293 77910 1.024e+05 1.2438e+05 46896 90167 1.2568e+05 1.0562e+05 1.282e+05 72106 61730 76316 91059 98637 1.928e+05 1.0442e+05 51392 1.6995e+05 65084 1.0536e+05 72916 1.1418e+05 98098 93766 87168 1.1206e+05 79709 1.1117e+05
1.1827e+05 0 1.3411e+05 2.1455e+05 1.5588e+05 1.2147e+05 1.9951e+05 2.0037e+05 1.5261e+05 1.6487e+05 12577 1.7503e+05 1.495e+05 45535 65761 90521 78149 31580 1.1309e+05 98182 1.9517e+05 1.6233e+05 1.282e+05 2.3089e+05 15703 1.2043e+05 1.3769e+05 56547 28759 1.1013e+05 44109 32277 26520 49339 80937 1.3962e+05 1.0008e+05 1.3306e+05 38288 2.3173e+05 18388 1.1839e+05 1.184e+05 1.3218e+05 29298 1.126e+05 35501 40791 58898 53315 1.0682e+05 1.0097e+05 16050
60589 1.3411e+05 0 2.5646e+05 53855 1.834e+05 1.8576e+05 1.9273e+05 1.2143e+05 1.1274e+05 1.2412e+05 1.6118e+05 68756 92798 1.8525e+05 1.1492e+05 95058 1.0377e+05 89078 1.2305e+05 2.288e+05 2.4185e+05 1.4524e+05 2.916e+05 1.2701e+05 68467 1.0249e+05 82944 1.5684e+05 39265 1.0703e+05 1.5955e+05 1.2349e+05 1.7225e+05 98045 83129 98957 1.1988e+05 1.3362e+05 2.184e+05 1.2621e+05 78320 1.9176e+05 87671 1.1714e+05 96012 1.0585e+05 1.2153e+05 1.4502e+05 1.067e+05 1.3985e+05 1.0624e+05 1.3464e+05
2.3004e+05 2.1455e+05 2.5646e+05 0 2.5023e+05 99646 1.1941e+05 1.5665e+05 1.75e+05 1.7616e+05 2.1995e+05 1.623e+05 2.168e+05 2.1338e+05 2.0515e+05 1.5581e+05 1.8702e+05 2.2418e+05 1.7611e+05 1.5056e+05 36076 1.1239e+05 1.2174e+05 71148 2.0111e+05 1.917e+05 1.5846e+05 2.2758e+05 2.1224e+05 2.309e+05 1.9373e+05 1.9656e+05 1.9066e+05 1.9942e+05 1.7814e+05 1.9996e+05 1.7904e+05 1.524e+05 1.8578e+05 86163 2.2156e+05 1.8224e+05 1.6147e+05 1.772e+05 1.9363e+05 1.63e+05 2.2617e+05 1.7961e+05 1.788e+05 1.8646e+05 1.2302e+05 1.5808e+05 2.0618e+05
72485 1.5588e+05 53855 2.5023e+05 0 1.9317e+05 1.6204e+05 1.9484e+05 95677 83286 1.4902e+05 1.5234e+05 36352 1.1277e+05 2.028e+05 1.2413e+05 1.1062e+05 1.3255e+05 1.0416e+05 1.3901e+05 2.2616e+05 2.5169e+05 1.4006e+05 2.9337e+05 1.4716e+05 77285 97482 1.1793e+05 1.7807e+05 58537 1.2225e+05 1.7639e+05 1.4098e+05 1.8885e+05 1.1524e+05 77255 1.1814e+05 1.073e+05 1.5016e+05 1.9736e+05 1.4893e+05 77110 2.1003e+05 93555 1.3653e+05 1.0098e+05 1.3646e+05 1.3644e+05 1.6134e+05 1.268e+05 1.4255e+05 1.168e+05 1.5352e+05
1.6073e+05 1.2147e+05 1.834e+05 99646 1.9317e+05 0 1.0855e+05 1.1169e+05 1.4377e+05 1.2963e+05 1.2527e+05 1.1211e+05 1.6361e+05 1.2588e+05 1.0863e+05 81171 1.0763e+05 1.3036e+05 1.0454e+05 71603 77054 75633 66164 1.1388e+05 1.0656e+05 1.2106e+05 1.0722e+05 1.3803e+05 1.1528e+05 1.5265e+05 1.0244e+05 1.0213e+05 97522 1.0399e+05 93261 1.3111e+05 97426 99909 91411 1.272e+05 1.2962e+05 1.2186e+05 75671 1.0519e+05 99497 95137 1.328e+05 87282 86099 95531 55556 83919 1.1247e+05
1.5903e+05 1.9951e+05 1.8576e+05 1.1941e+05 1.6204e+05 1.0855e+05 0 1.2952e+05 76446 81585 1.9923e+05 1.0245e+05 1.2958e+05 1.7703e+05 2.032e+05 1.1364e+05 1.4291e+05 2.0011e+05 1.0903e+05 1.0707e+05 93866 1.7352e+05 86146 1.7453e+05 1.8588e+05 1.2267e+05 94189 1.9488e+05 2.033e+05 1.6986e+05 1.6734e+05 1.9096e+05 1.7458e+05 1.955e+05 1.3738e+05 1.1481e+05 1.2165e+05 77919 1.6859e+05 46060 2.0138e+05 1.166e+05 1.6376e+05 1.0838e+05 1.7443e+05 1.0557e+05 2.0208e+05 1.6071e+05 1.6032e+05 1.5705e+05 1.0847e+05 1.0704e+05 1.8932e+05
1.699e+05 2.0037e+05 1.9273e+05 1.5665e+05 1.9484e+05 1.1169e+05 1.2952e+05 0 1.5177e+05 1.3259e+05 1.9751e+05 66240 1.6481e+05 1.7172e+05 2.0874e+05 1.1708e+05 1.4101e+05 1.9633e+05 1.1194e+05 1.1317e+05 1.364e+05 1.2984e+05 1.0443e+05 1.7113e+05 1.859e+05 1.2683e+05 1.1116e+05 1.8993e+05 2.0581e+05 1.6954e+05 1.6401e+05 1.9545e+05 1.7575e+05 2.0095e+05 1.338e+05 1.3517e+05 1.1763e+05 1.0249e+05 1.7007e+05 1.4031e+05 2.0179e+05 1.2326e+05 1.059e+05 1.0981e+05 1.733e+05 1.0082e+05 1.9865e+05 1.6061e+05 1.6312e+05 1.5412e+05 1.0547e+05 1.0257e+05 1.9121e+05
90574 1.5261e+05 1.2143e+05 1.75e+05 95677 1.4377e+05 76446 1.5177e+05 0 51869 1.4681e+05 96141 77809 1.1613e+05 1.8051e+05 1.0083e+05 1.0156e+05 1.4318e+05 87208 1.2113e+05 1.503e+05 2.1359e+05 1.0385e+05 2.2928e+05 1.4005e+05 76948 56969 1.4142e+05 1.6373e+05 1.0776e+05 1.1729e+05 1.5915e+05 1.3041e+05 1.6772e+05 1.0091e+05 82167 1.0044e+05 61072 1.2914e+05 1.0894e+05 1.4926e+05 71669 1.8693e+05 78102 1.3011e+05 81173 1.4857e+05 1.1934e+05 1.3737e+05 1.1165e+05 1.076e+05 97116 1.4113e+05
91175 1.6487e+05 1.1274e+05 1.7616e+05 83286 1.2963e+05 81585 1.3259e+05 51869 0 1.6077e+05 86540 53224 1.2803e+05 1.8156e+05 90715 92918 1.5542e+05 60227 91670 1.5012e+05 1.9525e+05 75818 2.2513e+05 1.5072e+05 57229 50135 1.4626e+05 1.7428e+05 1.0039e+05 1.2429e+05 1.6583e+05 1.4098e+05 1.7168e+05 89689 38669 72865 45649 1.3813e+05 1.1605e+05 1.628e+05 58941 1.5987e+05 50361 1.3788e+05 55291 1.5826e+05 1.2614e+05 1.3448e+05 1.1705e+05 96383 71595 1.5573e+05
1.0979e+05 12577 1.2412e+05 2.1995e+05 1.4902e+05 1.2527e+05 1.9923e+05 1.9751e+05 1.4681e+05 1.6077e+05 0 1.6868e+05 1.4418e+05 38053 71214 87100 74467 22992 1.1005e+05 96952 1.9648e+05 1.7167e+05 1.2896e+05 2.3805e+05 24673 1.1371e+05 1.3303e+05 47980 35384 1.002e+05 38012 41965 30398 56616 74622 1.3326e+05 94857 1.3066e+05 36609 2.307e+05 10604 1.143e+05 1.2159e+05 1.2519e+05 28840 1.08e+05 26631 40891 55828 46025 1.0717e+05 97869 22434
1.3151e+05 1.7503e+05 1.6118e+05 1.623e+05 1.5234e+05 1.1211e+05 1.0245e+05 66240 96141 86540 1.6868e+05 0 1.2538e+05 1.4461e+05 1.8132e+05 91092 1.2168e+05 1.6946e+05 92801 1.0367e+05 1.3599e+05 1.6124e+05 81249 1.9419e+05 1.6181e+05 1.0032e+05 78259 1.689e+05 1.7789e+05 1.4047e+05 1.4108e+05 1.707e+05 1.5239e+05 1.7452e+05 1.1425e+05 99438 1.0011e+05 54573 1.4143e+05 1.2438e+05 1.7302e+05 98064 1.0095e+05 88402 1.5187e+05 80867 1.7444e+05 1.3744e+05 1.349e+05 1.2987e+05 84251 82209 1.6451e+05
49933 1.495e+05 68756 2.168e+05 36352 1.6361e+05 1.2958e+05 1.6481e+05 77809 53224 1.4418e+05 1.2538e+05 0 1.0668e+05 1.8634e+05 1.0122e+05 78469 1.3205e+05 71653 1.0789e+05 1.9549e+05 2.1894e+05 1.0922e+05 2.603e+05 1.3861e+05 46463 66347 1.183e+05 1.6764e+05 60169 1.0804e+05 1.6328e+05 1.3086e+05 1.7375e+05 84837 47299 86531 79816 1.3507e+05 1.6637e+05 1.4444e+05 45007 1.7976e+05 63440 1.2544e+05 70769 1.3583e+05 1.1898e+05 1.405e+05 1.0634e+05 1.1802e+05 87893 1.4406e+05
80808 45535 92798 2.1338e+05 1.1277e+05 1.2588e+05 1.7703e+05 1.7172e+05 1.1613e+05 1.2803e+05 38053 1.4461e+05 1.0668e+05 0 95769 69894 38945 28199 77483 76308 1.8853e+05 1.7473e+05 1.1439e+05 2.3616e+05 36644 78205 97306 28979 66578 65141 28670 67144 35465 81302 41851 1.0073e+05 62819 1.0383e+05 46309 2.0819e+05 40832 77978 1.2342e+05 90987 33572 76755 34599 42377 61657 33236 96033 71152 43410
1.3848e+05 65761 1.8525e+05 2.0515e+05 2.028e+05 1.0863e+05 2.032e+05 2.0874e+05 1.8051e+05 1.8156e+05 71214 1.8132e+05 1.8634e+05 95769 0 91942 1.1184e+05 90235 1.3262e+05 1.022e+05 1.8427e+05 1.4971e+05 1.239e+05 2.2227e+05 64198 1.4845e+05 1.6737e+05 1.1532e+05 38358 1.5302e+05 83596 33946 64271 17343 1.0922e+05 1.5486e+05 1.1765e+05 1.4448e+05 52721 2.3432e+05 68339 1.5098e+05 1.145e+05 1.5327e+05 70237 1.3047e+05 96080 69032 48056 82305 1.0368e+05 1.1274e+05 61078
79882 90521 1.1492e+05 1.5581e+05 1.2413e+05 81171 1.1364e+05 1.1708e+05 1.0083e+05 90715 87100 91092 1.0122e+05 69894 91942 0 55683 91207 47472 25761 1.2977e+05 1.4087e+05 51104 1.8843e+05 78099 62348 78343 94652 91004 86836 63311 81584 67370 84615 46920 72132 46800 53681 55604 1.4521e+05 89933 63739 94498 64424 70400 40559 96082 54406 47297 52516 34531 23718 80498
69163 78149 95058 1.8702e+05 1.1062e+05 1.0763e+05 1.4291e+05 1.4101e+05 1.0156e+05 92918 74467 1.2168e+05 78469 38945 1.1184e+05 55683 0 66588 41966 49354 1.662e+05 1.5307e+05 88235 2.1411e+05 66739 45805 61071 57162 94791 58649 36931 89301 58625 99238 15399 69921 29903 77302 61371 1.7664e+05 75135 41718 1.0695e+05 57784 53589 43289 69292 45675 66016 33610 79542 42995 72293
1.0602e+05 31580 1.0377e+05 2.2418e+05 1.3255e+05 1.3036e+05 2.0011e+05 1.9633e+05 1.4318e+05 1.5542e+05 22992 1.6946e+05 1.3205e+05 28199 90235 91207 66588 0 1.0492e+05 97446 2.0039e+05 1.7578e+05 1.3132e+05 2.424e+05 28698 1.0469e+05 1.2456e+05 25989 56251 83394 33507 60681 35089 75707 69069 1.272e+05 89717 1.2889e+05 46591 2.3144e+05 26284 1.0531e+05 1.2621e+05 1.1745e+05 32172 1.0311e+05 9722.9 44627 67056 46283 1.1154e+05 95895 35974
61599 1.1309e+05 89078 1.7611e+05 1.0416e+05 1.0454e+05 1.0903e+05 1.1194e+05 87208 60227 1.1005e+05 92801 71653 77483 1.3262e+05 47472 41966 1.0492e+05 0 38485 1.482e+05 1.5641e+05 64595 2.0443e+05 1.0032e+05 31783 46331 95097 1.2434e+05 63112 73552 1.1536e+05 91045 1.2304e+05 38085 36653 16102 51303 88414 1.4515e+05 1.1246e+05 31379 1.0962e+05 26792 86865 19622 1.0775e+05 76197 85357 66292 72796 27146 1.0494e+05
99033 98182 1.2305e+05 1.5056e+05 1.3901e+05 71603 1.0707e+05 1.1317e+05 1.2113e+05 91670 96952 1.0367e+05 1.0789e+05 76308 1.022e+05 25761 49354 97446 38485 0 1.1955e+05 1.2145e+05 41404 1.7407e+05 83319 65358 79739 93608 1.0168e+05 90571 64917 90331 73132 94063 39580 68909 31652 63200 66797 1.4114e+05 1.0078e+05 67663 75114 60226 71838 41848 99405 57935 59291 55195 49158 24275 88519
2.0686e+05 1.9517e+05 2.288e+05 36076 2.2616e+05 77054 93866 1.364e+05 1.503e+05 1.5012e+05 1.9648e+05 1.3599e+05 1.9549e+05 1.8853e+05 1.8427e+05 1.2977e+05 1.662e+05 2.0039e+05 1.482e+05 1.1955e+05 0 1.187e+05 88696 93454 1.7998e+05 1.6251e+05 1.3323e+05 2.0208e+05 1.9125e+05 2.0302e+05 1.7052e+05 1.7829e+05 1.7008e+05 1.8078e+05 1.5352e+05 1.6751e+05 1.4766e+05 1.2692e+05 1.6258e+05 64091 2.0204e+05 1.6026e+05 1.3967e+05 1.4442e+05 1.7067e+05 1.3635e+05 2.0123e+05 1.5755e+05 1.541e+05 1.6144e+05 98243 1.3224e+05 1.8595e+05
2.1462e+05 1.6233e+05 2.4185e+05 1.1239e+05 2.5169e+05 75633 1.7352e+05 1.2984e+05 2.1359e+05 1.9525e+05 1.7167e+05 1.6124e+05 2.1894e+05 1.7473e+05 1.4971e+05 1.4087e+05 1.5307e+05 1.7578e+05 1.5641e+05 1.2145e+05 1.187e+05 0 1.2724e+05 92349 1.4914e+05 1.8175e+05 1.736e+05 1.8629e+05 1.5832e+05 2.0818e+05 1.482e+05 1.4186e+05 1.4139e+05 1.4451e+05 1.458e+05 1.8881e+05 1.4945e+05 1.6537e+05 1.3878e+05 1.7301e+05 1.7179e+05 1.7813e+05 90215 1.6658e+05 1.4415e+05 1.5575e+05 1.7883e+05 1.3299e+05 1.3553e+05 1.4549e+05 1.165e+05 1.4082e+05 1.5466e+05
1.2321e+05 1.282e+05 1.4524e+05 1.2174e+05 1.4006e+05 66164 86146 1.0443e+05 1.0385e+05 75818 1.2896e+05 81249 1.0922e+05 1.1439e+05 1.239e+05 51104 88235 1.3132e+05 64595 41404 88696 1.2724e+05 0 1.5952e+05 1.1286e+05 78469 64011 1.2932e+05 1.2728e+05 1.2257e+05 99396 1.1439e+05 1.0346e+05 1.1767e+05 78435 83305 67569 46953 95584 1.1847e+05 1.338e+05 74532 90736 62607 1.0303e+05 52261 1.3307e+05 88891 87049 90569 37814 51240 1.1885e+05
2.6354e+05 2.3089e+05 2.916e+05 71148 2.9337e+05 1.1388e+05 1.7453e+05 1.7113e+05 2.2928e+05 2.2513e+05 2.3805e+05 1.9419e+05 2.603e+05 2.3616e+05 2.2227e+05 1.8843e+05 2.1411e+05 2.424e+05 2.0443e+05 1.7407e+05 93454 92349 1.5952e+05 0 2.1782e+05 2.2649e+05 1.9994e+05 2.4844e+05 2.2813e+05 2.6208e+05 2.1347e+05 2.1236e+05 2.0879e+05 2.1637e+05 2.0264e+05 2.352e+05 2.036e+05 1.9581e+05 2.0447e+05 1.4912e+05 2.4056e+05 2.2016e+05 1.5919e+05 2.075e+05 2.114e+05 1.988e+05 2.4481e+05 1.9849e+05 1.9909e+05 2.0819e+05 1.5706e+05 1.9005e+05 2.2329e+05
1.124e+05 15703 1.2701e+05 2.0111e+05 1.4716e+05 1.0656e+05 1.8588e+05 1.859e+05 1.4005e+05 1.5072e+05 24673 1.6181e+05 1.3861e+05 36644 64198 78099 66739 28698 1.0032e+05 83319 1.7998e+05 1.4914e+05 1.1286e+05 2.1782e+05 0 1.0719e+05 1.254e+05 52628 31709 99855 30918 33865 12112 48791 68776 1.2561e+05 85561 1.1843e+05 27167 2.1768e+05 27014 1.0689e+05 1.0325e+05 1.1802e+05 14865 97762 35074 25938 49320 39379 92371 86044 10779
46293 1.2043e+05 68467 1.917e+05 77285 1.2106e+05 1.2267e+05 1.2683e+05 76948 57229 1.1371e+05 1.0032e+05 46463 78205 1.4845e+05 62348 45805 1.0469e+05 31783 65358 1.6251e+05 1.8175e+05 78469 2.2649e+05 1.0719e+05 0 35581 92130 1.3384e+05 48421 77114 1.2949e+05 99855 1.3809e+05 44200 37364 42144 58085 99342 1.562e+05 1.1793e+05 14573 1.3422e+05 20497 92801 30441 1.0767e+05 85394 1.0125e+05 72665 82849 47424 1.1339e+05
77910 1.3769e+05 1.0249e+05 1.5846e+05 97482 1.0722e+05 94189 1.1116e+05 56969 50135 1.3303e+05 78259 66347 97306 1.6737e+05 78343 61071 1.2456e+05 46331 79739 1.3323e+05 1.736e+05 64011 1.9994e+05 1.254e+05 35581 0 1.1257e+05 1.5283e+05 79968 95754 1.4645e+05 1.1665e+05 1.5547e+05 58941 65084 58487 43613 1.1804e+05 1.283e+05 1.3366e+05 27832 1.4429e+05 31535 1.1193e+05 40963 1.2792e+05 1.0321e+05 1.1968e+05 91434 79383 61453 1.3015e+05
1.024e+05 56547 82944 2.2758e+05 1.1793e+05 1.3803e+05 1.9488e+05 1.8993e+05 1.4142e+05 1.4626e+05 47980 1.689e+05 1.183e+05 28979 1.1532e+05 94652 57162 25989 95097 93608 2.0208e+05 1.8629e+05 1.2932e+05 2.4844e+05 52628 92130 1.1257e+05 0 82044 68457 41969 85608 54768 1.0108e+05 61802 1.1948e+05 79990 1.2566e+05 66767 2.2809e+05 52269 92945 1.3357e+05 1.0525e+05 46647 93595 25230 58158 81359 46963 1.1581e+05 92561 61486
1.2438e+05 28759 1.5684e+05 2.1224e+05 1.7807e+05 1.1528e+05 2.033e+05 2.0581e+05 1.6373e+05 1.7428e+05 35384 1.7789e+05 1.6764e+05 66578 38358 91004 94791 56251 1.2434e+05 1.0168e+05 1.9125e+05 1.5832e+05 1.2728e+05 2.2813e+05 31709 1.3384e+05 1.5283e+05 82044 0 1.2974e+05 60656 17830 37867 22669 94430 1.4816e+05 1.094e+05 1.3965e+05 36731 2.3489e+05 34230 1.3494e+05 1.1578e+05 1.4332e+05 43151 1.2182e+05 61056 49619 49200 63452 1.0489e+05 1.0772e+05 29087
46896 1.1013e+05 39265 2.309e+05 58537 1.5265e+05 1.6986e+05 1.6954e+05 1.0776e+05 1.0039e+05 1.002e+05 1.4047e+05 60169 65141 1.5302e+05 86836 58649 83394 63112 90571 2.0302e+05 2.0818e+05 1.2257e+05 2.6208e+05 99855 48421 79968 68457 1.2974e+05 0 72686 1.3015e+05 94738 1.4162e+05 63853 68921 62247 98828 1.0124e+05 2.0118e+05 1.0326e+05 56977 1.5661e+05 63619 88653 71358 86972 86521 1.0969e+05 72143 1.1295e+05 75031 1.0707e+05
90167 44109 1.0703e+05 1.9373e+05 1.2225e+05 1.0244e+05 1.6734e+05 1.6401e+05 1.1729e+05 1.2429e+05 38012 1.4108e+05 1.0804e+05 28670 83596 63311 36931 33507 73552 64917 1.7052e+05 1.482e+05 99396 2.1347e+05 30918 77114 95754 41969 60656 72686 0 58887 26094 70592 39864 98816 58680 96563 31662 1.9922e+05 41733 76761 98182 88861 19338 71611 35439 18001 46151 14890 81190 64042 37807
1.2568e+05 32277 1.5955e+05 1.9656e+05 1.7639e+05 1.0213e+05 1.9096e+05 1.9545e+05 1.5915e+05 1.6583e+05 41965 1.707e+05 1.6328e+05 67144 33946 81584 89301 60681 1.1536e+05 90331 1.7829e+05 1.4186e+05 1.1439e+05 2.1236e+05 33865 1.2949e+05 1.4645e+05 85608 17830 1.3015e+05 58887 0 37414 17581 89572 1.4157e+05 1.0202e+05 1.2948e+05 33491 2.2274e+05 41421 1.2898e+05 1.0461e+05 1.3758e+05 43807 1.1413e+05 66313 45767 45549 62564 92922 98455 30768
1.0562e+05 26520 1.2349e+05 1.9066e+05 1.4098e+05 97522 1.7458e+05 1.7575e+05 1.3041e+05 1.4098e+05 30398 1.5239e+05 1.3086e+05 35465 64271 67370 58625 35089 91045 73132 1.7008e+05 1.4139e+05 1.0346e+05 2.0879e+05 12112 99855 1.1665e+05 54768 37867 94738 26094 37414 0 49828 58995 1.1724e+05 77539 1.0877e+05 18833 2.0636e+05 32584 98548 93884 1.0982e+05 10124 89376 39881 16767 40574 30591 81620 76676 16965
1.282e+05 49339 1.7225e+05 1.9942e+05 1.8885e+05 1.0399e+05 1.955e+05 2.0095e+05 1.6772e+05 1.7168e+05 56616 1.7452e+05 1.7375e+05 81302 17343 84615 99238 75707 1.2304e+05 94063 1.8078e+05 1.4451e+05 1.1767e+05 2.1637e+05 48791 1.3809e+05 1.5547e+05 1.0108e+05 22669 1.4162e+05 70592 17581 49828 0 97597 1.4761e+05 1.0891e+05 1.3483e+05 40806 2.2678e+05 52408 1.3846e+05 1.0845e+05 1.4455e+05 56550 1.2047e+05 81827 55639 44311 71539 96093 1.032e+05 44941
72106 80937 98045 1.7814e+05 1.1524e+05 93261 1.3738e+05 1.338e+05 1.0091e+05 89689 74622 1.1425e+05 84837 41851 1.0922e+05 46920 15399 69069 38085 39580 1.5352e+05 1.458e+05 78435 2.0264e+05 68776 44200 58941 61802 94430 63853 39864 89572 58995 97597 0 66464 29185 73281 59632 1.6905e+05 76297 45182 98173 53645 55436 39941 72227 46419 61815 32624 69506 36765 73098
61730 1.3962e+05 83129 1.9996e+05 77255 1.3111e+05 1.1481e+05 1.3517e+05 82167 38669 1.3326e+05 99438 47299 1.0073e+05 1.5486e+05 72132 69921 1.272e+05 36653 68909 1.6751e+05 1.8881e+05 83305 2.352e+05 1.2561e+05 37364 65084 1.1948e+05 1.4816e+05 68921 98816 1.4157e+05 1.1724e+05 1.4761e+05 66464 0 46187 62184 1.1235e+05 1.4797e+05 1.3813e+05 47658 1.3852e+05 40140 1.1255e+05 44785 1.2978e+05 1.0154e+05 1.0866e+05 90326 94532 52349 1.3057e+05
76316 1.0008e+05 98957 1.7904e+05 1.1814e+05 97426 1.2165e+05 1.1763e+05 1.0044e+05 72865 94857 1.0011e+05 86531 62819 1.1765e+05 46800 29903 89717 16102 31652 1.4766e+05 1.4945e+05 67569 2.036e+05 85561 42144 58487 79990 1.094e+05 62247 58680 1.0202e+05 77539 1.0891e+05 29185 46187 0 60937 73641 1.5644e+05 99527 46096 96214 37263 71732 23456 92185 61768 70416 51442 73014 25891 91474
91059 1.3306e+05 1.1988e+05 1.524e+05 1.073e+05 99909 77919 1.0249e+05 61072 45649 1.3066e+05 54573 79816 1.0383e+05 1.4448e+05 53681 77302 1.2889e+05 51303 63200 1.2692e+05 1.6537e+05 46953 1.9581e+05 1.1843e+05 58085 43613 1.2566e+05 1.3965e+05 98828 96563 1.2948e+05 1.0877e+05 1.3483e+05 73281 62184 60937 0 1.0372e+05 1.1105e+05 1.3394e+05 52295 1.3105e+05 50665 1.0832e+05 38777 1.3172e+05 93199 98135 89676 58812 41546 1.2165e+05
98637 38288 1.3362e+05 1.8578e+05 1.5016e+05 91411 1.6859e+05 1.7007e+05 1.2914e+05 1.3813e+05 36609 1.4143e+05 1.3507e+05 46309 52721 55604 61371 46591 88414 66797 1.6258e+05 1.3878e+05 95584 2.0447e+05 27167 99342 1.1804e+05 66767 36731 1.0124e+05 31662 33491 18833 40806 59632 1.1235e+05 73641 1.0372e+05 0 2.0027e+05 39467 1.0093e+05 87999 1.0755e+05 23896 85980 53085 16498 22190 30913 73338 71524 28257
1.928e+05 2.3173e+05 2.184e+05 86163 1.9736e+05 1.272e+05 46060 1.4031e+05 1.0894e+05 1.1605e+05 2.307e+05 1.2438e+05 1.6637e+05 2.0819e+05 2.3432e+05 1.4521e+05 1.7664e+05 2.3144e+05 1.4515e+05 1.4114e+05 64091 1.7301e+05 1.1847e+05 1.4912e+05 2.1768e+05 1.562e+05 1.283e+05 2.2809e+05 2.3489e+05 2.0118e+05 1.9922e+05 2.2274e+05 2.0636e+05 2.2678e+05 1.6905e+05 1.4797e+05 1.5644e+05 1.1105e+05 2.0027e+05 0 2.3353e+05 1.505e+05 1.879e+05 1.439e+05 2.0693e+05 1.3844e+05 2.3357e+05 1.9251e+05 1.9203e+05 1.8832e+05 1.3309e+05 1.3764e+05 2.2073e+05
1.0442e+05 18388 1.2621e+05 2.2156e+05 1.4893e+05 1.2962e+05 2.0138e+05 2.0179e+05 1.4926e+05 1.628e+05 10604 1.7302e+05 1.4444e+05 40832 68339 89933 75135 26284 1.1246e+05 1.0078e+05 2.0204e+05 1.7179e+05 1.338e+05 2.4056e+05 27014 1.1793e+05 1.3366e+05 52269 34230 1.0326e+05 41733 41421 32584 52408 76297 1.3813e+05 99527 1.3394e+05 39467 2.3353e+05 0 1.1507e+05 1.2633e+05 1.2956e+05 32160 1.1146e+05 32423 45160 55136 49947 1.1107e+05 1.0118e+05 24083
51392 1.1839e+05 78320 1.8224e+05 77110 1.2186e+05 1.166e+05 1.2326e+05 71669 58941 1.143e+05 98064 45007 77978 1.5098e+05 63739 41718 1.0531e+05 31379 67663 1.6026e+05 1.7813e+05 74532 2.2016e+05 1.0689e+05 14573 27832 92945 1.3494e+05 56977 76761 1.2898e+05 98548 1.3846e+05 45182 47658 46096 52295 1.0093e+05 1.505e+05 1.1507e+05 0 1.3859e+05 25473 93521 27953 1.0861e+05 85446 1.0419e+05 73441 79080 48108 1.1121e+05
1.6995e+05 1.184e+05 1.9176e+05 1.6147e+05 2.1003e+05 75671 1.6376e+05 1.059e+05 1.8693e+05 1.5987e+05 1.2159e+05 1.0095e+05 1.7976e+05 1.2342e+05 1.145e+05 94498 1.0695e+05 1.2621e+05 1.0962e+05 75114 1.3967e+05 90215 90736 1.5919e+05 1.0325e+05 1.3422e+05 1.4429e+05 1.3357e+05 1.1578e+05 1.5661e+05 98182 1.0461e+05 93884 1.0845e+05 98173 1.3852e+05 96214 1.3105e+05 87999 1.879e+05 1.2633e+05 1.3859e+05 0 1.2375e+05 95214 1.1144e+05 1.2843e+05 83049 83116 93428 80656 95734 1.0953e+05
65084 1.3218e+05 87671 1.772e+05 93555 1.0519e+05 1.0838e+05 1.0981e+05 78102 50361 1.2519e+05 88402 63440 90987 1.5327e+05 64424 57784 1.1745e+05 26792 60226 1.4442e+05 1.6658e+05 62607 2.075e+05 1.1802e+05 20497 31535 1.0525e+05 1.4332e+05 63619 88861 1.3758e+05 1.0982e+05 1.4455e+05 53645 40140 37263 50665 1.0755e+05 1.439e+05 1.2956e+05 25473 1.2375e+05 0 1.0364e+05 26303 1.2029e+05 95017 1.0559e+05 82906 71327 45423 1.2386e+05
1.0536e+05 29298 1.1714e+05 1.9363e+05 1.3653e+05 99497 1.7443e+05 1.733e+05 1.3011e+05 1.3788e+05 28840 1.5187e+05 1.2544e+05 33572 70237 70400 53589 32172 86865 71838 1.7067e+05 1.4415e+05 1.0303e+05 2.114e+05 14865 92801 1.1193e+05 46647 43151 88653 19338 43807 10124 56550 55436 1.1255e+05 71732 1.0832e+05 23896 2.0693e+05 32160 93521 95214 1.0364e+05 0 84614 35257 17740 45031 26263 84881 75436 20815
72916 1.126e+05 96012 1.63e+05 1.0098e+05 95137 1.0557e+05 1.0082e+05 81173 55291 1.08e+05 80867 70769 76755 1.3047e+05 40559 43289 1.0311e+05 19622 41848 1.3635e+05 1.5575e+05 52261 1.988e+05 97762 30441 40963 93595 1.2182e+05 71358 71611 1.1413e+05 89376 1.2047e+05 39941 44785 23456 38777 85980 1.3844e+05 1.1146e+05 27953 1.1144e+05 26303 84614 0 1.059e+05 73681 82993 64290 56418 22345 1.0303e+05
1.1418e+05 35501 1.0585e+05 2.2617e+05 1.3646e+05 1.328e+05 2.0208e+05 1.9865e+05 1.4857e+05 1.5826e+05 26631 1.7444e+05 1.3583e+05 34599 96080 96082 69292 9722.9 1.0775e+05 99405 2.0123e+05 1.7883e+05 1.3307e+05 2.4481e+05 35074 1.0767e+05 1.2792e+05 25230 61056 86972 35439 66313 39881 81827 72227 1.2978e+05 92185 1.3172e+05 53085 2.3357e+05 32423 1.0861e+05 1.2843e+05 1.2029e+05 35257 1.059e+05 0 48151 72685 48679 1.1426e+05 98741 42526
98098 40791 1.2153e+05 1.7961e+05 1.3644e+05 87282 1.6071e+05 1.6061e+05 1.1934e+05 1.2614e+05 40891 1.3744e+05 1.1898e+05 42377 69032 54406 45675 44627 76197 57935 1.5755e+05 1.3299e+05 88891 1.9849e+05 25938 85394 1.0321e+05 58158 49619 86521 18001 45767 16767 55639 46419 1.0154e+05 61768 93199 16498 1.9251e+05 45160 85446 83049 95017 17740 73681 48151 0 31606 18886 68632 60865 30907
93766 58898 1.4502e+05 1.788e+05 1.6134e+05 86099 1.6032e+05 1.6312e+05 1.3737e+05 1.3448e+05 55828 1.349e+05 1.405e+05 61657 48056 47297 66016 67056 85357 59291 1.541e+05 1.3553e+05 87049 1.9909e+05 49320 1.0125e+05 1.1968e+05 81359 49200 1.0969e+05 46151 45549 40574 44311 61815 1.0866e+05 70416 98135 22190 1.9203e+05 55136 1.0419e+05 83116 1.0559e+05 45031 82993 72685 31606 0 39809 64748 66347 49534
87168 53315 1.067e+05 1.8646e+05 1.268e+05 95531 1.5705e+05 1.5412e+05 1.1165e+05 1.1705e+05 46025 1.2987e+05 1.0634e+05 33236 82305 52516 33610 46283 66292 55195 1.6144e+05 1.4549e+05 90569 2.0819e+05 39379 72665 91434 46963 63452 72143 14890 62564 30591 71539 32624 90326 51442 89676 30913 1.8832e+05 49947 73441 93428 82906 26263 64290 48679 18886 39809 0 71972 54932 43668
1.1206e+05 1.0682e+05 1.3985e+05 1.2302e+05 1.4255e+05 55556 1.0847e+05 1.0547e+05 1.076e+05 96383 1.0717e+05 84251 1.1802e+05 96033 1.0368e+05 34531 79542 1.1154e+05 72796 49158 98243 1.165e+05 37814 1.5706e+05 92371 82849 79383 1.1581e+05 1.0489e+05 1.1295e+05 81190 92922 81620 96093 69506 94532 73014 58812 73338 1.3309e+05 1.1107e+05 79080 80656 71327 84881 56418 1.1426e+05 68632 64748 71972 0 49633 96727
79709 1.0097e+05 1.0624e+05 1.5808e+05 1.168e+05 83919 1.0704e+05 1.0257e+05 97116 71595 97869 82209 87893 71152 1.1274e+05 23718 42995 95895 27146 24275 1.3224e+05 1.4082e+05 51240 1.9005e+05 86044 47424 61453 92561 1.0772e+05 75031 64042 98455 76676 1.032e+05 36765 52349 25891 41546 71524 1.3764e+05 1.0118e+05 48108 95734 45423 75436 22345 98741 60865 66347 54932 49633 0 90731
1.1117e+05 16050 1.3464e+05 2.0618e+05 1.5352e+05 1.1247e+05 1.8932e+05 1.9121e+05 1.4113e+05 1.5573e+05 22434 1.6451e+05 1.4406e+05 43410 61078 80498 72293 35974 1.0494e+05 88519 1.8595e+05 1.5466e+05 1.1885e+05 2.2329e+05 10779 1.1339e+05 1.3015e+05 61486 29087 1.0707e+05 37807 30768 16965 44941 73098 1.3057e+05 91474 1.2165e+05 28257 2.2073e+05 24083 1.1121e+05 1.0953e+05 1.2386e+05 20815 1.0303e+05 42526 30907 49534 43668 96727 90731 0
