0 0.20085 0.53472 0.4315 0.66754 0.34604 0.33483 0.43475 0.39243 0.25465 0.17798 0.47436 0.18317 0.23366 0.27701 0.27264 0.37042 0.24549 0.2854 0.41387 0.28685 0.44356 0.48301 0.39644 0.24325 0.16792 0.39114 0.2422 0.22266 0.2663 0.29487 0.30455 0.30476 0.29723 0.3072 0.16346 0.37568 0.46909 0.44616 0.57333 0.26688 0.29888 0.42208 0.52664 0.29485 0.44647 0.40652 0.32919 0.32714 0.27524 0.27905 0.28123 0.2121
0.20085 0 0.5732 0.51554 0.72085 0.2381 0.4431 0.55733 0.48874 0.3886 0.11762 0.50306 0.31712 0.15355 0.11884 0.16516 0.24586 0.14888 0.17523 0.26694 0.35432 0.3494 0.34541 0.44241 0.11804 0.18085 0.38451 0.20375 0.079226 0.33717 0.18959 0.16413 0.15964 0.14504 0.18206 0.2215 0.22228 0.38207 0.31994 0.60729 0.19163 0.26971 0.32466 0.43348 0.14188 0.33101 0.32289 0.19056 0.20897 0.14279 0.19237 0.16383 0.095943
0.53472 0.5732 0 0.16012 0.178 0.63949 0.25687 0.2887 0.24115 0.39458 0.51176 0.37344 0.45455 0.50473 0.64615 0.65107 0.57523 0.56732 0.62478 0.72887 0.5814 0.78405 0.77481 0.66016 0.60143 0.50237 0.29485 0.44627 0.57948 0.33343 0.64381 0.68196 0.67619 0.65289 0.64132 0.57941 0.7016 0.50219 0.58829 0.18529 0.5004 0.42717 0.64766 0.50329 0.65408 0.45915 0.4914 0.68583 0.69764 0.63792 0.55935 0.59218 0.58435
0.4315 0.51554 0.16012 0 0.26048 0.58547 0.16854 0.17986 0.14049 0.26358 0.43849 0.31838 0.3599 0.46477 0.59455 0.589 0.53587 0.51414 0.56368 0.67725 0.51309 0.71995 0.72111 0.58916 0.5437 0.43046 0.21071 0.36861 0.51512 0.23502 0.60325 0.63191 0.62107 0.60953 0.59823 0.46971 0.65591 0.45334 0.54907 0.25543 0.4429 0.38809 0.59706 0.46039 0.60432 0.41479 0.44026 0.63445 0.65052 0.57892 0.50501 0.5496 0.52168
0.66754 0.72085 0.178 0.26048 0 0.80448 0.36294 0.37461 0.34239 0.49048 0.64151 0.46024 0.56679 0.67107 0.80652 0.81187 0.70906 0.72397 0.78043 0.86987 0.70412 0.91568 0.89902 0.73018 0.76321 0.63879 0.41831 0.57597 0.72061 0.44276 0.80593 0.85087 0.8366 0.82476 0.7789 0.67831 0.8293 0.5891 0.73588 0.27067 0.6591 0.56516 0.79803 0.55147 0.81417 0.57907 0.61467 0.84182 0.86741 0.7932 0.72859 0.7507 0.7436
0.34604 0.2381 0.63949 0.58547 0.80448 0 0.4978 0.57661 0.54914 0.45649 0.25314 0.45046 0.38278 0.17438 0.20503 0.14942 0.19766 0.18534 0.21851 0.24735 0.3662 0.33971 0.31913 0.47849 0.19123 0.24553 0.41305 0.30337 0.22601 0.41726 0.12478 0.20003 0.18332 0.16166 0.18939 0.35978 0.20249 0.33517 0.22866 0.59178 0.18281 0.26557 0.17451 0.38955 0.14766 0.28612 0.23358 0.15822 0.15492 0.14564 0.11197 0.13762 0.18231
0.33483 0.4431 0.25687 0.16854 0.36294 0.4978 0 0.205 0.1566 0.24173 0.39756 0.22318 0.25194 0.37144 0.52069 0.48449 0.43305 0.41872 0.46646 0.59185 0.38268 0.6012 0.61369 0.47689 0.49134 0.33703 0.1704 0.32854 0.46392 0.19669 0.50037 0.55378 0.54069 0.53763 0.47062 0.38558 0.53541 0.35709 0.4847 0.27333 0.38109 0.26037 0.49996 0.39052 0.52797 0.32281 0.33482 0.56358 0.56134 0.5024 0.41803 0.44962 0.44231
0.43475 0.55733 0.2887 0.17986 0.37461 0.57661 0.205 0 0.13846 0.22667 0.50353 0.31809 0.37191 0.50104 0.64166 0.59341 0.58897 0.54721 0.5988 0.71786 0.48586 0.72339 0.76289 0.54551 0.60118 0.44647 0.27888 0.41022 0.57096 0.28267 0.6228 0.67163 0.64991 0.6535 0.6339 0.49957 0.66489 0.51745 0.62741 0.34596 0.47742 0.40842 0.58566 0.56062 0.6414 0.48564 0.49325 0.6656 0.66302 0.57919 0.51898 0.58668 0.56516
0.39243 0.48874 0.24115 0.14049 0.34239 0.54914 0.1566 0.13846 0 0.21173 0.42372 0.33291 0.27762 0.44386 0.56268 0.54902 0.49562 0.46936 0.53168 0.64256 0.42653 0.65236 0.69327 0.51246 0.53552 0.39503 0.23152 0.35206 0.50156 0.22805 0.57428 0.59862 0.58538 0.58163 0.56779 0.44541 0.62636 0.45175 0.54552 0.26917 0.41827 0.3454 0.55883 0.49778 0.57972 0.42407 0.43472 0.59411 0.61674 0.53025 0.47494 0.52324 0.49182
0.25465 0.3886 0.39458 0.26358 0.49048 0.45649 0.24173 0.22667 0.21173 0 0.32143 0.40345 0.22733 0.35419 0.46398 0.45336 0.43537 0.39387 0.45033 0.58421 0.37738 0.60609 0.63841 0.50686 0.42995 0.28558 0.28915 0.24001 0.3949 0.17761 0.47293 0.48949 0.48022 0.4778 0.49383 0.34133 0.53212 0.46758 0.52364 0.4551 0.31296 0.30974 0.48814 0.53079 0.46822 0.44048 0.42728 0.4953 0.51537 0.41604 0.37754 0.42533 0.39271
0.17798 0.11762 0.51176 0.43849 0.64151 0.25314 0.39756 0.50353 0.42372 0.32143 0 0.47293 0.23758 0.13603 0.19276 0.21756 0.24495 0.17444 0.2218 0.30989 0.32566 0.38388 0.38873 0.42814 0.14089 0.12908 0.32582 0.16066 0.1206 0.24496 0.22549 0.22397 0.22499 0.20718 0.24087 0.19227 0.29751 0.35778 0.29408 0.55484 0.14455 0.24054 0.31864 0.37688 0.20618 0.30399 0.29994 0.22142 0.26696 0.17926 0.18593 0.18356 0.12909
0.47436 0.50306 0.37344 0.31838 0.46024 0.45046 0.22318 0.31809 0.33291 0.40345 0.47293 0 0.40481 0.41297 0.5852 0.51084 0.45803 0.47334 0.53574 0.61875 0.44078 0.61991 0.62463 0.43108 0.55112 0.37092 0.21965 0.38484 0.53079 0.34223 0.52141 0.60434 0.57957 0.58047 0.48854 0.49716 0.52375 0.31875 0.53311 0.30907 0.40468 0.26521 0.41306 0.36453 0.54205 0.33041 0.32607 0.57702 0.58123 0.5121 0.43893 0.4759 0.52048
0.18317 0.31712 0.45455 0.3599 0.56679 0.38278 0.25194 0.37191 0.27762 0.22733 0.23758 0.40481 0 0.2497 0.38319 0.36532 0.32861 0.28671 0.33493 0.46084 0.28037 0.47716 0.50353 0.39417 0.33897 0.21004 0.32124 0.2127 0.31427 0.1742 0.38355 0.40953 0.40522 0.39061 0.35395 0.20326 0.43742 0.40816 0.42578 0.44603 0.26062 0.25439 0.41269 0.45383 0.39962 0.37159 0.37384 0.40915 0.41067 0.34354 0.29751 0.34736 0.3023
0.23366 0.15355 0.50473 0.46477 0.67107 0.17438 0.37144 0.50104 0.44386 0.35419 0.13603 0.41297 0.2497 0 0.1903 0.17847 0.17564 0.14852 0.18312 0.26821 0.29004 0.33907 0.33506 0.42817 0.15019 0.14252 0.32661 0.18966 0.15528 0.27513 0.1542 0.21625 0.22479 0.18875 0.164 0.25335 0.25082 0.2929 0.24113 0.48683 0.11144 0.17169 0.22975 0.33716 0.20019 0.24737 0.23456 0.22802 0.21511 0.18362 0.09943 0.12206 0.12869
0.27701 0.11884 0.64615 0.59455 0.80652 0.20503 0.52069 0.64166 0.56268 0.46398 0.19276 0.5852 0.38319 0.1903 0 0.10826 0.25634 0.1305 0.12639 0.1892 0.42729 0.31694 0.28495 0.53241 0.091869 0.27406 0.4574 0.29606 0.12235 0.41517 0.14242 0.064844 0.079386 0.082843 0.17121 0.27377 0.17377 0.4103 0.29492 0.66227 0.2201 0.33645 0.35182 0.44636 0.09474 0.35345 0.34273 0.12504 0.12655 0.098842 0.18551 0.18751 0.11131
0.27264 0.16516 0.65107 0.589 0.81187 0.14942 0.48449 0.59341 0.54902 0.45336 0.21756 0.51084 0.36532 0.17847 0.10826 0 0.25124 0.11988 0.1138 0.19192 0.38146 0.26959 0.26588 0.51692 0.133 0.24263 0.45372 0.32382 0.16626 0.40808 0.11179 0.12239 0.10509 0.10436 0.12904 0.2725 0.15209 0.39583 0.29055 0.61587 0.22721 0.30367 0.28131 0.43254 0.12286 0.34908 0.32297 0.12734 0.099701 0.08219 0.13682 0.16296 0.13077
0.37042 0.24586 0.57523 0.53587 0.70906 0.19766 0.43305 0.58897 0.49562 0.43537 0.24495 0.45803 0.32861 0.17564 0.25634 0.25124 0 0.22623 0.24889 0.268 0.331 0.33665 0.29593 0.47333 0.24343 0.27308 0.39273 0.25809 0.23315 0.35998 0.21027 0.26969 0.27801 0.22656 0.17497 0.32917 0.23201 0.20293 0.18343 0.53866 0.16791 0.2168 0.19851 0.27212 0.23969 0.18195 0.1738 0.26096 0.24952 0.24872 0.15233 0.16755 0.21121
0.24549 0.14888 0.56732 0.51414 0.72397 0.18534 0.41872 0.54721 0.46936 0.39387 0.17444 0.47334 0.28671 0.14852 0.1305 0.11988 0.22623 0 0.092595 0.22603 0.3184 0.25673 0.27368 0.43801 0.1654 0.20665 0.39084 0.25247 0.17291 0.33321 0.14731 0.14273 0.14392 0.13079 0.15672 0.20691 0.17854 0.34325 0.27172 0.5784 0.17976 0.24309 0.30683 0.38912 0.14012 0.30785 0.27084 0.15743 0.17347 0.11983 0.18067 0.17858 0.14825
0.2854 0.17523 0.62478 0.56368 0.78043 0.21851 0.46646 0.5988 0.53168 0.45033 0.2218 0.53574 0.33493 0.18312 0.12639 0.1138 0.24889 0.092595 0 0.15549 0.36915 0.20817 0.20468 0.49448 0.17107 0.27164 0.45001 0.30798 0.18693 0.37637 0.15148 0.11749 0.11093 0.14055 0.1495 0.22715 0.13727 0.37835 0.2701 0.62642 0.23803 0.30786 0.34003 0.41717 0.15318 0.33631 0.32952 0.14438 0.14317 0.14093 0.19428 0.2101 0.17241
0.41387 0.26694 0.72887 0.67725 0.86987 0.24735 0.59185 0.71786 0.64256 0.58421 0.30989 0.61875 0.46084 0.26821 0.1892 0.19192 0.268 0.22603 0.15549 0 0.46915 0.28717 0.18051 0.58655 0.20825 0.36496 0.5218 0.41909 0.26325 0.48381 0.18125 0.14564 0.16146 0.16122 0.18738 0.33043 0.18148 0.40327 0.25294 0.67774 0.31839 0.37817 0.3631 0.43764 0.19763 0.36508 0.37651 0.14282 0.15038 0.2164 0.2594 0.25248 0.23986
0.28685 0.35432 0.5814 0.51309 0.70412 0.3662 0.38268 0.48586 0.42653 0.37738 0.32566 0.44078 0.28037 0.29004 0.42729 0.38146 0.331 0.3184 0.36915 0.46915 0 0.27531 0.38894 0.2735 0.40746 0.25741 0.43778 0.33889 0.37882 0.35281 0.36498 0.4486 0.42665 0.42512 0.35448 0.32531 0.38691 0.40029 0.45634 0.54893 0.3302 0.29923 0.39325 0.49615 0.41368 0.4309 0.38416 0.44533 0.43227 0.38435 0.31527 0.34099 0.37067
0.44356 0.3494 0.78405 0.71995 0.91568 0.33971 0.6012 0.72339 0.65236 0.60609 0.38388 0.61991 0.47716 0.33907 0.31694 0.26959 0.33665 0.25673 0.20817 0.28717 0.27531 0 0.17823 0.40473 0.35219 0.41209 0.58912 0.47151 0.36021 0.53963 0.27904 0.30564 0.29497 0.31686 0.26186 0.36276 0.24039 0.4364 0.4039 0.7161 0.40365 0.43785 0.4233 0.52446 0.31883 0.46202 0.43351 0.30612 0.28067 0.29892 0.33006 0.36465 0.35114
0.48301 0.34541 0.77481 0.72111 0.89902 0.31913 0.61369 0.76289 0.69327 0.63841 0.38873 0.62463 0.50353 0.33506 0.28495 0.26588 0.29593 0.27368 0.20468 0.18051 0.38894 0.17823 0 0.458 0.31081 0.42766 0.58315 0.4752 0.33389 0.53121 0.25737 0.25824 0.25941 0.2685 0.20233 0.36126 0.15834 0.37326 0.32197 0.71651 0.40028 0.42315 0.40787 0.45065 0.28625 0.39613 0.40493 0.25477 0.25977 0.29414 0.32486 0.32864 0.3228
0.39644 0.44241 0.66016 0.58916 0.73018 0.47849 0.47689 0.54551 0.51246 0.50686 0.42814 0.43108 0.39417 0.42817 0.53241 0.51692 0.47333 0.43801 0.49448 0.58655 0.2735 0.40473 0.458 0 0.51169 0.36421 0.51186 0.42297 0.46357 0.45949 0.52173 0.574 0.54632 0.56095 0.46337 0.36706 0.46787 0.44263 0.57151 0.64312 0.41956 0.41404 0.50337 0.55226 0.50419 0.50639 0.48688 0.53658 0.58665 0.48542 0.47453 0.47641 0.47394
0.24325 0.11804 0.60143 0.5437 0.76321 0.19123 0.49134 0.60118 0.53552 0.42995 0.14089 0.55112 0.33897 0.15019 0.091869 0.133 0.24343 0.1654 0.17107 0.20825 0.40746 0.35219 0.31081 0.51169 0 0.23827 0.4179 0.2757 0.092683 0.3495 0.13589 0.12052 0.14448 0.092441 0.15073 0.22529 0.22092 0.3854 0.26395 0.60252 0.16774 0.30808 0.31396 0.39234 0.12316 0.30928 0.31823 0.1381 0.14025 0.10618 0.14808 0.16155 0.076399
0.16792 0.18085 0.50237 0.43046 0.63879 0.24553 0.33703 0.44647 0.39503 0.28558 0.12908 0.37092 0.21004 0.14252 0.27406 0.24263 0.27308 0.20665 0.27164 0.36496 0.25741 0.41209 0.42766 0.36421 0.23827 0 0.29201 0.14197 0.19687 0.2398 0.23824 0.29573 0.28796 0.28517 0.2653 0.23615 0.31494 0.35005 0.35979 0.4995 0.15832 0.17274 0.28608 0.43015 0.24479 0.34964 0.29236 0.27585 0.32225 0.22868 0.20837 0.17929 0.19222
0.39114 0.38451 0.29485 0.21071 0.41831 0.41305 0.1704 0.27888 0.23152 0.28915 0.32582 0.21965 0.32124 0.32661 0.4574 0.45372 0.39273 0.39084 0.45001 0.5218 0.43778 0.58912 0.58315 0.51186 0.4179 0.29201 0 0.25101 0.39693 0.22295 0.45485 0.48086 0.475 0.46714 0.45421 0.42852 0.50582 0.2954 0.4284 0.27523 0.28197 0.21453 0.41937 0.32875 0.44672 0.27935 0.2664 0.45222 0.51002 0.41072 0.36859 0.40107 0.3922
0.2422 0.20375 0.44627 0.36861 0.57597 0.30337 0.32854 0.41022 0.35206 0.24001 0.16066 0.38484 0.2127 0.18966 0.29606 0.32382 0.25809 0.25247 0.30798 0.41909 0.33889 0.47151 0.4752 0.42297 0.2757 0.14197 0.25101 0 0.19971 0.1883 0.31384 0.33575 0.33577 0.32434 0.33834 0.27267 0.35991 0.3231 0.34501 0.49686 0.1411 0.17852 0.31736 0.3882 0.28123 0.28846 0.28506 0.33064 0.38708 0.27523 0.24908 0.25205 0.23037
0.22266 0.079226 0.57948 0.51512 0.72061 0.22601 0.46392 0.57096 0.50156 0.3949 0.1206 0.53079 0.31427 0.15528 0.12235 0.16626 0.23315 0.17291 0.18693 0.26325 0.37882 0.36021 0.33389 0.46357 0.092683 0.19687 0.39693 0.19971 0 0.33319 0.18175 0.17739 0.18682 0.14494 0.18713 0.22723 0.21998 0.37111 0.28796 0.59882 0.18074 0.29076 0.31545 0.40851 0.12426 0.30641 0.33091 0.18648 0.21535 0.13833 0.17796 0.15678 0.067677
0.2663 0.33717 0.33343 0.23502 0.44276 0.41726 0.19669 0.28267 0.22805 0.17761 0.24496 0.34223 0.1742 0.27513 0.41517 0.40808 0.35998 0.33321 0.37637 0.48381 0.35281 0.53963 0.53121 0.45949 0.3495 0.2398 0.22295 0.1883 0.33319 0 0.4132 0.44708 0.45126 0.42342 0.40347 0.27726 0.46528 0.36274 0.37041 0.38204 0.25976 0.21387 0.42181 0.39419 0.42633 0.32139 0.34273 0.44111 0.46958 0.38537 0.3323 0.37711 0.33796
0.29487 0.18959 0.64381 0.60325 0.80593 0.12478 0.50037 0.6228 0.57428 0.47293 0.22549 0.52141 0.38355 0.1542 0.14242 0.11179 0.21027 0.14731 0.15148 0.18125 0.36498 0.27904 0.25737 0.52173 0.13589 0.23824 0.45485 0.31384 0.18175 0.4132 0 0.13758 0.14275 0.11008 0.13547 0.31194 0.16095 0.33928 0.2262 0.59528 0.21099 0.29171 0.25137 0.41153 0.11663 0.32804 0.28755 0.1427 0.097407 0.12913 0.13882 0.13101 0.14089
0.30455 0.16413 0.68196 0.63191 0.85087 0.20003 0.55378 0.67163 0.59862 0.48949 0.22397 0.60434 0.40953 0.21625 0.064844 0.12239 0.26969 0.14273 0.11749 0.14564 0.4486 0.30564 0.25824 0.574 0.12052 0.29573 0.48086 0.33575 0.17739 0.44708 0.13758 0 0.054286 0.071096 0.18485 0.30504 0.16652 0.41947 0.28014 0.68002 0.23124 0.3549 0.34725 0.4514 0.095291 0.3686 0.33923 0.091508 0.10368 0.11124 0.20819 0.19187 0.13929
0.30476 0.15964 0.67619 0.62107 0.8366 0.18332 0.54069 0.64991 0.58538 0.48022 0.22499 0.57957 0.40522 0.22479 0.079386 0.10509 0.27801 0.14392 0.11093 0.16146 0.42665 0.29497 0.25941 0.54632 0.14448 0.28796 0.475 0.33577 0.18682 0.45126 0.14275 0.054286 0 0.0999 0.19312 0.30593 0.14929 0.41264 0.29578 0.68648 0.24354 0.34576 0.33774 0.45627 0.11372 0.3654 0.33267 0.10255 0.10747 0.10708 0.20013 0.19106 0.16006
0.29723 0.14504 0.65289 0.60953 0.82476 0.16166 0.53763 0.6535 0.58163 0.4778 0.20718 0.58047 0.39061 0.18875 0.082843 0.10436 0.22656 0.13079 0.14055 0.16122 0.42512 0.31686 0.2685 0.56095 0.092441 0.28517 0.46714 0.32434 0.14494 0.42342 0.11008 0.071096 0.0999 0 0.15126 0.28763 0.16253 0.3803 0.23862 0.6383 0.2139 0.32925 0.3024 0.39876 0.091559 0.30704 0.30512 0.094679 0.087676 0.095578 0.1751 0.14774 0.11385
0.3072 0.18206 0.64132 0.59823 0.7789 0.18939 0.47062 0.6339 0.56779 0.49383 0.24087 0.48854 0.35395 0.164 0.17121 0.12904 0.17497 0.15672 0.1495 0.18738 0.35448 0.26186 0.20233 0.46337 0.15073 0.2653 0.45421 0.33834 0.18713 0.40347 0.13547 0.18485 0.19312 0.15126 0 0.23022 0.11624 0.30665 0.2635 0.58577 0.25033 0.25988 0.2923 0.35761 0.17193 0.28057 0.28427 0.18821 0.1623 0.15523 0.16018 0.17327 0.14913
0.16346 0.2215 0.57941 0.46971 0.67831 0.35978 0.38558 0.49957 0.44541 0.34133 0.19227 0.49716 0.20326 0.25335 0.27377 0.2725 0.32917 0.20691 0.22715 0.33043 0.32531 0.36276 0.36126 0.36706 0.22529 0.23615 0.42852 0.27267 0.22723 0.27726 0.31194 0.30504 0.30593 0.28763 0.23022 0 0.29115 0.40895 0.39839 0.60756 0.28029 0.32208 0.44974 0.42991 0.30823 0.36773 0.39847 0.30433 0.32559 0.25449 0.31195 0.31991 0.22634
0.37568 0.22228 0.7016 0.65591 0.8293 0.20249 0.53541 0.66489 0.62636 0.53212 0.29751 0.52375 0.43742 0.25082 0.17377 0.15209 0.23201 0.17854 0.13727 0.18148 0.38691 0.24039 0.15834 0.46787 0.22092 0.31494 0.50582 0.35991 0.21998 0.46528 0.16095 0.16652 0.14929 0.16253 0.11624 0.29115 0 0.31569 0.29426 0.66833 0.29138 0.32091 0.3196 0.3909 0.1584 0.31391 0.3272 0.17238 0.18036 0.17417 0.23164 0.20819 0.21459
0.46909 0.38207 0.50219 0.45334 0.5891 0.33517 0.35709 0.51745 0.45175 0.46758 0.35778 0.31875 0.40816 0.2929 0.4103 0.39583 0.20293 0.34325 0.37835 0.40327 0.40029 0.4364 0.37326 0.44263 0.3854 0.35005 0.2954 0.3231 0.37111 0.36274 0.33928 0.41947 0.41264 0.3803 0.30665 0.40895 0.31569 0 0.27516 0.42773 0.26028 0.22682 0.30451 0.17216 0.37681 0.13536 0.13846 0.3958 0.40078 0.36822 0.29418 0.30517 0.36969
0.44616 0.31994 0.58829 0.54907 0.73588 0.22866 0.4847 0.62741 0.54552 0.52364 0.29408 0.53311 0.42578 0.24113 0.29492 0.29055 0.18343 0.27172 0.2701 0.25294 0.45634 0.4039 0.32197 0.57151 0.26395 0.35979 0.4284 0.34501 0.28796 0.37041 0.2262 0.28014 0.29578 0.23862 0.2635 0.39839 0.29426 0.27516 0 0.57687 0.24525 0.29358 0.25057 0.30737 0.26096 0.23578 0.24085 0.24966 0.25901 0.28452 0.23167 0.21835 0.26312
0.57333 0.60729 0.18529 0.25543 0.27067 0.59178 0.27333 0.34596 0.26917 0.4551 0.55484 0.30907 0.44603 0.48683 0.66227 0.61587 0.53866 0.5784 0.62642 0.67774 0.54893 0.7161 0.71651 0.64312 0.60252 0.4995 0.27523 0.49686 0.59882 0.38204 0.59528 0.68002 0.68648 0.6383 0.58577 0.60756 0.66833 0.42773 0.57687 0 0.50053 0.3954 0.58132 0.44377 0.65713 0.42424 0.43449 0.67292 0.64539 0.61904 0.51688 0.57043 0.5865
0.26688 0.19163 0.5004 0.4429 0.6591 0.18281 0.38109 0.47742 0.41827 0.31296 0.14455 0.40468 0.26062 0.11144 0.2201 0.22721 0.16791 0.17976 0.23803 0.31839 0.3302 0.40365 0.40028 0.41956 0.16774 0.15832 0.28197 0.1411 0.18074 0.25976 0.21099 0.23124 0.24354 0.2139 0.25033 0.28029 0.29138 0.26028 0.24525 0.50053 0 0.17804 0.21554 0.31967 0.19152 0.2231 0.19047 0.2171 0.26336 0.16874 0.14434 0.16075 0.15943
0.29888 0.26971 0.42717 0.38809 0.56516 0.26557 0.26037 0.40842 0.3454 0.30974 0.24054 0.26521 0.25439 0.17169 0.33645 0.30367 0.2168 0.24309 0.30786 0.37817 0.29923 0.43785 0.42315 0.41404 0.30808 0.17274 0.21453 0.17852 0.29076 0.21387 0.29171 0.3549 0.34576 0.32925 0.25988 0.32208 0.32091 0.22682 0.29358 0.3954 0.17804 0 0.26999 0.29012 0.31476 0.20747 0.18323 0.34029 0.36318 0.30086 0.22474 0.23589 0.27357
0.42208 0.32466 0.64766 0.59706 0.79803 0.17451 0.49996 0.58566 0.55883 0.48814 0.31864 0.41306 0.41269 0.22975 0.35182 0.28131 0.19851 0.30683 0.34003 0.3631 0.39325 0.4233 0.40787 0.50337 0.31396 0.28608 0.41937 0.31736 0.31545 0.42181 0.25137 0.34725 0.33774 0.3024 0.2923 0.44974 0.3196 0.30451 0.25057 0.58132 0.21554 0.26999 0 0.39363 0.27969 0.28963 0.25 0.29142 0.3045 0.27801 0.19919 0.19205 0.28663
0.52664 0.43348 0.50329 0.46039 0.55147 0.38955 0.39052 0.56062 0.49778 0.53079 0.37688 0.36453 0.45383 0.33716 0.44636 0.43254 0.27212 0.38912 0.41717 0.43764 0.49615 0.52446 0.45065 0.55226 0.39234 0.43015 0.32875 0.3882 0.40851 0.39419 0.41153 0.4514 0.45627 0.39876 0.35761 0.42991 0.3909 0.17216 0.30737 0.44377 0.31967 0.29012 0.39363 0 0.43273 0.14214 0.21123 0.42751 0.44045 0.41861 0.33947 0.35154 0.38809
0.29485 0.14188 0.65408 0.60432 0.81417 0.14766 0.52797 0.6414 0.57972 0.46822 0.20618 0.54205 0.39962 0.20019 0.09474 0.12286 0.23969 0.14012 0.15318 0.19763 0.41368 0.31883 0.28625 0.50419 0.12316 0.24479 0.44672 0.28123 0.12426 0.42633 0.11663 0.095291 0.11372 0.091559 0.17193 0.30823 0.1584 0.37681 0.26096 0.65713 0.19152 0.31476 0.27969 0.43273 0 0.34015 0.30022 0.089643 0.13732 0.092299 0.18495 0.15315 0.11966
0.44647 0.33101 0.45915 0.41479 0.57907 0.28612 0.32281 0.48564 0.42407 0.44048 0.30399 0.33041 0.37159 0.24737 0.35345 0.34908 0.18195 0.30785 0.33631 0.36508 0.4309 0.46202 0.39613 0.50639 0.30928 0.34964 0.27935 0.28846 0.30641 0.32139 0.32804 0.3686 0.3654 0.30704 0.28057 0.36773 0.31391 0.13536 0.23578 0.42424 0.2231 0.20747 0.28963 0.14214 0.34015 0 0.12221 0.34517 0.35407 0.32683 0.25287 0.24933 0.29013
0.40652 0.32289 0.4914 0.44026 0.61467 0.23358 0.33482 0.49325 0.43472 0.42728 0.29994 0.32607 0.37384 0.23456 0.34273 0.32297 0.1738 0.27084 0.32952 0.37651 0.38416 0.43351 0.40493 0.48688 0.31823 0.29236 0.2664 0.28506 0.33091 0.34273 0.28755 0.33923 0.33267 0.30512 0.28427 0.39847 0.3272 0.13846 0.24085 0.43449 0.19047 0.18323 0.25 0.21123 0.30022 0.12221 0 0.31591 0.32199 0.29115 0.22382 0.24555 0.29402
0.32919 0.19056 0.68583 0.63445 0.84182 0.15822 0.56358 0.6656 0.59411 0.4953 0.22142 0.57702 0.40915 0.22802 0.12504 0.12734 0.26096 0.15743 0.14438 0.14282 0.44533 0.30612 0.25477 0.53658 0.1381 0.27585 0.45222 0.33064 0.18648 0.44111 0.1427 0.091508 0.10255 0.094679 0.18821 0.30433 0.17238 0.3958 0.24966 0.67292 0.2171 0.34029 0.29142 0.42751 0.089643 0.34517 0.31591 0 0.11593 0.10272 0.21614 0.18761 0.16823
0.32714 0.20897 0.69764 0.65052 0.86741 0.15492 0.56134 0.66302 0.61674 0.51537 0.26696 0.58123 0.41067 0.21511 0.12655 0.099701 0.24952 0.17347 0.14317 0.15038 0.43227 0.28067 0.25977 0.58665 0.14025 0.32225 0.51002 0.38708 0.21535 0.46958 0.097407 0.10368 0.10747 0.087676 0.1623 0.32559 0.18036 0.40078 0.25901 0.64539 0.26336 0.36318 0.3045 0.44045 0.13732 0.35407 0.32199 0.11593 0 0.12078 0.15619 0.19555 0.17021
0.27524 0.14279 0.63792 0.57892 0.7932 0.14564 0.5024 0.57919 0.53025 0.41604 0.17926 0.5121 0.34354 0.18362 0.098842 0.08219 0.24872 0.11983 0.14093 0.2164 0.38435 0.29892 0.29414 0.48542 0.10618 0.22868 0.41072 0.27523 0.13833 0.38537 0.12913 0.11124 0.10708 0.095578 0.15523 0.25449 0.17417 0.36822 0.28452 0.61904 0.16874 0.30086 0.27801 0.41861 0.092299 0.32683 0.29115 0.10272 0.12078 0 0.15922 0.16855 0.11261
0.27905 0.19237 0.55935 0.50501 0.72859 0.11197 0.41803 0.51898 0.47494 0.37754 0.18593 0.43893 0.29751 0.09943 0.18551 0.13682 0.15233 0.18067 0.19428 0.2594 0.31527 0.33006 0.32486 0.47453 0.14808 0.20837 0.36859 0.24908 0.17796 0.3323 0.13882 0.20819 0.20013 0.1751 0.16018 0.31195 0.23164 0.29418 0.23167 0.51688 0.14434 0.22474 0.19919 0.33947 0.18495 0.25287 0.22382 0.21614 0.15619 0.15922 0 0.12899 0.14777
0.28123 0.16383 0.59218 0.5496 0.7507 0.13762 0.44962 0.58668 0.52324 0.42533 0.18356 0.4759 0.34736 0.12206 0.18751 0.16296 0.16755 0.17858 0.2101 0.25248 0.34099 0.36465 0.32864 0.47641 0.16155 0.17929 0.40107 0.25205 0.15678 0.37711 0.13101 0.19187 0.19106 0.14774 0.17327 0.31991 0.20819 0.30517 0.21835 0.57043 0.16075 0.23589 0.19205 0.35154 0.15315 0.24933 0.24555 0.18761 0.19555 0.16855 0.12899 0 0.12117
0.2121 0.095943 0.58435 0.52168 0.7436 0.18231 0.44231 0.56516 0.49182 0.39271 0.12909 0.52048 0.3023 0.12869 0.11131 0.13077 0.21121 0.14825 0.17241 0.23986 0.37067 0.35114 0.3228 0.47394 0.076399 0.19222 0.3922 0.23037 0.067677 0.33796 0.14089 0.13929 0.16006 0.11385 0.14913 0.22634 0.21459 0.36969 0.26312 0.5865 0.15943 0.27357 0.28663 0.38809 0.11966 0.29013 0.29402 0.16823 0.17021 0.11261 0.14777 0.12117 0
