0 0.25628 0.44009 0.36847 0.57263 0.40414 0.26996 0.41737 0.3759 0.23248 0.239 0.47988 0.2182 0.25467 0.31824 0.30861 0.38448 0.2582 0.30143 0.45793 0.33047 0.48262 0.50152 0.49586 0.30494 0.20398 0.35883 0.2985 0.30584 0.26103 0.31739 0.32824 0.33139 0.3409 0.3358 0.21953 0.41126 0.44329 0.46434 0.50835 0.29282 0.29231 0.51551 0.51294 0.35242 0.45694 0.38142 0.39007 0.36152 0.3367 0.30576 0.32783 0.26264
0.25628 0 0.52869 0.4935 0.65855 0.30354 0.44833 0.56934 0.51025 0.38373 0.15798 0.57811 0.40426 0.18252 0.14436 0.23048 0.22899 0.17943 0.20087 0.30591 0.43768 0.40183 0.35907 0.56753 0.18519 0.25361 0.38062 0.21375 0.11785 0.36671 0.23192 0.18719 0.18487 0.18039 0.22217 0.29709 0.24351 0.36165 0.32024 0.61638 0.22344 0.29835 0.41209 0.41831 0.17188 0.31303 0.30713 0.24288 0.26812 0.20056 0.2304 0.19612 0.13762
0.44009 0.52869 0 0.14815 0.17272 0.6577 0.25537 0.30216 0.23484 0.3491 0.45774 0.42538 0.41504 0.4695 0.59264 0.62029 0.53315 0.49533 0.54611 0.66387 0.54741 0.73255 0.69705 0.62296 0.55572 0.47332 0.31293 0.41691 0.53539 0.2914 0.60658 0.61949 0.61936 0.60528 0.59927 0.49489 0.65462 0.45885 0.53347 0.22676 0.45711 0.42032 0.71227 0.47952 0.61169 0.45007 0.47407 0.64059 0.66561 0.60233 0.54826 0.58079 0.54303
0.36847 0.4935 0.14815 0 0.24891 0.59851 0.18922 0.22746 0.18537 0.24932 0.40208 0.37813 0.36294 0.44166 0.55821 0.56055 0.50628 0.46188 0.4985 0.62203 0.49088 0.66959 0.64865 0.58749 0.50981 0.4208 0.23825 0.36564 0.49065 0.22738 0.57549 0.58519 0.57259 0.57544 0.56648 0.40829 0.6192 0.41716 0.5094 0.29615 0.4109 0.39535 0.65994 0.44422 0.57864 0.41811 0.42837 0.60355 0.62171 0.55512 0.49068 0.54904 0.49922
0.57263 0.65855 0.17272 0.24891 0 0.80489 0.35043 0.38665 0.33075 0.44507 0.55636 0.49739 0.51828 0.62076 0.7395 0.76568 0.63884 0.63839 0.68785 0.78817 0.63412 0.8332 0.79804 0.66169 0.70625 0.58591 0.42184 0.52348 0.65213 0.38351 0.74771 0.78124 0.76349 0.76901 0.72121 0.58498 0.75943 0.51852 0.65177 0.28181 0.60057 0.53606 0.83024 0.51479 0.75598 0.55675 0.58305 0.77598 0.82214 0.73976 0.70443 0.71679 0.69526
0.40414 0.30354 0.6577 0.59851 0.80489 0 0.53135 0.56906 0.59296 0.46387 0.32432 0.48632 0.48191 0.2481 0.26272 0.18305 0.26348 0.25237 0.28778 0.29974 0.47206 0.42412 0.37809 0.59622 0.25345 0.3074 0.41432 0.36921 0.29908 0.48528 0.18495 0.24839 0.21114 0.21734 0.25678 0.43742 0.25016 0.39675 0.29843 0.62868 0.23691 0.31864 0.23211 0.44158 0.19098 0.32981 0.25905 0.18356 0.19595 0.18011 0.15014 0.19698 0.22949
0.26996 0.44833 0.25537 0.18922 0.35043 0.53135 0 0.23947 0.19799 0.2328 0.41001 0.28578 0.25061 0.36345 0.51502 0.45885 0.42242 0.38497 0.42005 0.57403 0.35916 0.56135 0.56227 0.5051 0.5097 0.3249 0.21913 0.36381 0.48277 0.21061 0.47827 0.53423 0.51932 0.54003 0.43645 0.35793 0.50376 0.34186 0.4915 0.29191 0.39175 0.26366 0.57392 0.40082 0.53075 0.35864 0.33821 0.56668 0.55192 0.50522 0.42507 0.45771 0.43727
0.41737 0.56934 0.30216 0.22746 0.38665 0.56906 0.23947 0 0.19519 0.23795 0.52786 0.30778 0.40084 0.50286 0.6449 0.56063 0.59771 0.52139 0.56462 0.69058 0.45219 0.67714 0.71561 0.51715 0.61725 0.4481 0.30584 0.44609 0.59738 0.31568 0.60344 0.65727 0.62147 0.65383 0.62154 0.50245 0.62092 0.49334 0.64834 0.35913 0.47269 0.41869 0.62541 0.57155 0.64564 0.517 0.48911 0.65894 0.63573 0.54891 0.50709 0.61233 0.58003
0.3759 0.51025 0.23484 0.18537 0.33075 0.59296 0.19799 0.19519 0 0.228 0.44143 0.39203 0.28201 0.46739 0.56482 0.55051 0.49181 0.44546 0.51122 0.62048 0.40331 0.61171 0.65629 0.50746 0.56379 0.41913 0.26402 0.39908 0.53306 0.27031 0.58538 0.58895 0.5711 0.58901 0.56994 0.44179 0.62454 0.42418 0.56091 0.24375 0.43197 0.37244 0.65058 0.50288 0.59978 0.4561 0.43587 0.59325 0.62222 0.52815 0.49784 0.5645 0.50962
0.23248 0.38373 0.3491 0.24932 0.44507 0.46387 0.2328 0.23795 0.228 0 0.32516 0.41346 0.25692 0.35076 0.44402 0.43178 0.41857 0.34166 0.40127 0.5603 0.36985 0.57567 0.58809 0.53552 0.42996 0.28355 0.26013 0.26439 0.40538 0.19248 0.45153 0.44934 0.43425 0.45399 0.47318 0.33159 0.48763 0.39908 0.51108 0.42634 0.2885 0.29751 0.55072 0.49225 0.45605 0.42501 0.37254 0.47655 0.48996 0.37899 0.37326 0.43839 0.3903
0.239 0.15798 0.45774 0.40208 0.55636 0.32432 0.41001 0.52786 0.44143 0.32516 0 0.56356 0.32038 0.17535 0.2189 0.27334 0.24878 0.18383 0.23291 0.32411 0.41615 0.41418 0.38782 0.56108 0.16938 0.22213 0.32068 0.20384 0.17449 0.25272 0.26708 0.23599 0.23953 0.22997 0.27886 0.22159 0.32813 0.33642 0.27277 0.55982 0.16287 0.28137 0.42556 0.32968 0.24965 0.2882 0.28356 0.24625 0.31034 0.22186 0.23441 0.24416 0.17945
0.47988 0.57811 0.42538 0.37813 0.49739 0.48632 0.28578 0.30778 0.39203 0.41346 0.56356 0 0.47219 0.48492 0.66678 0.54116 0.54262 0.5146 0.57837 0.67276 0.46321 0.64409 0.66596 0.42151 0.64858 0.39335 0.30127 0.46442 0.6256 0.41145 0.56502 0.66255 0.62813 0.66068 0.55232 0.54841 0.56422 0.3921 0.63305 0.37374 0.4607 0.32509 0.45198 0.49435 0.58595 0.46054 0.39706 0.62187 0.63588 0.54636 0.51167 0.5479 0.60258
0.2182 0.40426 0.41504 0.36294 0.51828 0.48191 0.25061 0.40084 0.28201 0.25692 0.32038 0.47219 0 0.31211 0.44578 0.41984 0.37623 0.31224 0.35221 0.5044 0.34826 0.50289 0.51535 0.49124 0.41124 0.29778 0.35196 0.32975 0.40709 0.21478 0.43767 0.45247 0.44775 0.44311 0.38596 0.22786 0.49037 0.41094 0.47443 0.3942 0.33153 0.31548 0.55994 0.45973 0.48191 0.40571 0.40229 0.467 0.44405 0.39724 0.37097 0.44661 0.3729
0.25467 0.18252 0.4695 0.44166 0.62076 0.2481 0.36345 0.50286 0.46739 0.35076 0.17535 0.48492 0.31211 0 0.21448 0.2068 0.20687 0.15842 0.17382 0.27142 0.37543 0.35319 0.32538 0.56278 0.18658 0.19663 0.32644 0.22897 0.20509 0.28601 0.16521 0.22709 0.2475 0.21697 0.16591 0.27143 0.27156 0.30317 0.25744 0.48298 0.15799 0.20516 0.3401 0.34576 0.24233 0.2686 0.24946 0.26361 0.23862 0.22938 0.14168 0.18049 0.15526
0.31824 0.14436 0.59264 0.55821 0.7395 0.26272 0.51502 0.6449 0.56482 0.44402 0.2189 0.66678 0.44578 0.21448 0 0.17672 0.24254 0.1688 0.16406 0.23876 0.51831 0.39156 0.31295 0.66083 0.11233 0.34965 0.45119 0.30801 0.14406 0.4314 0.17322 0.081946 0.10844 0.11074 0.21171 0.32234 0.22177 0.4089 0.29249 0.66774 0.24893 0.37266 0.45243 0.433 0.13006 0.33752 0.33777 0.18369 0.17176 0.15224 0.20597 0.23168 0.11963
0.30861 0.23048 0.62029 0.56055 0.76568 0.18305 0.45885 0.56063 0.55051 0.43178 0.27334 0.54116 0.41984 0.2068 0.17672 0 0.2613 0.17844 0.1607 0.24732 0.45367 0.32914 0.29837 0.64433 0.18622 0.29565 0.44797 0.37239 0.2265 0.42651 0.14434 0.17904 0.15667 0.16805 0.15334 0.32732 0.19896 0.40797 0.31587 0.59188 0.26891 0.32699 0.33761 0.43243 0.20333 0.35357 0.32641 0.20227 0.1327 0.12599 0.13844 0.20509 0.16026
0.38448 0.22899 0.53315 0.50628 0.63884 0.26348 0.42242 0.59771 0.49181 0.41857 0.24878 0.54262 0.37623 0.20687 0.24254 0.2613 0 0.22111 0.23237 0.27103 0.40263 0.36248 0.28405 0.57719 0.26668 0.31668 0.38468 0.27254 0.22568 0.37849 0.24821 0.26105 0.27262 0.2346 0.1757 0.33184 0.23581 0.21976 0.20387 0.5471 0.21397 0.24699 0.31242 0.27043 0.2491 0.18459 0.20873 0.27026 0.28234 0.26486 0.1923 0.19906 0.20176
0.2582 0.17943 0.49533 0.46188 0.63839 0.25237 0.38497 0.52139 0.44546 0.34166 0.18383 0.5146 0.31224 0.15842 0.1688 0.17844 0.22111 0 0.12005 0.27495 0.37352 0.30618 0.30343 0.54418 0.21137 0.23609 0.3466 0.25198 0.21542 0.31673 0.19202 0.16015 0.17683 0.16976 0.1926 0.22205 0.21957 0.31538 0.28541 0.54666 0.17086 0.2403 0.39627 0.3584 0.19095 0.28595 0.23705 0.20333 0.22863 0.15585 0.21693 0.22403 0.16833
0.30143 0.20087 0.54611 0.4985 0.68785 0.28778 0.42005 0.56462 0.51122 0.40127 0.23291 0.57837 0.35221 0.17382 0.16406 0.1607 0.23237 0.12005 0 0.19573 0.42725 0.24876 0.21161 0.59653 0.19648 0.31354 0.4071 0.30572 0.2078 0.34247 0.18751 0.15415 0.1627 0.18288 0.15795 0.22737 0.16787 0.34541 0.26294 0.58451 0.23764 0.31082 0.42111 0.3726 0.20945 0.29695 0.31455 0.20402 0.1924 0.17718 0.20637 0.24666 0.1807
0.45793 0.30591 0.66387 0.62203 0.78817 0.29974 0.57403 0.69058 0.62048 0.5603 0.32411 0.67276 0.5044 0.27142 0.23876 0.24732 0.27103 0.27495 0.19573 0 0.52563 0.33953 0.20377 0.69342 0.22509 0.40925 0.48292 0.43575 0.29388 0.46536 0.22483 0.19376 0.22304 0.19447 0.20504 0.35578 0.2318 0.39929 0.23986 0.63644 0.34839 0.39204 0.44711 0.41145 0.25978 0.34671 0.39437 0.18356 0.19644 0.2735 0.27328 0.29118 0.25951
0.33047 0.43768 0.54741 0.49088 0.63412 0.47206 0.35916 0.45219 0.40331 0.36985 0.41615 0.46321 0.34826 0.37543 0.51831 0.45367 0.40263 0.37352 0.42725 0.52563 0 0.2751 0.40941 0.31074 0.52304 0.30871 0.42141 0.40813 0.47882 0.37787 0.4388 0.52258 0.49593 0.52322 0.42678 0.38248 0.43221 0.38756 0.53222 0.50289 0.40469 0.34017 0.51857 0.50456 0.50079 0.48496 0.42101 0.53191 0.52348 0.45751 0.40758 0.43941 0.4595
0.48262 0.40183 0.73255 0.66959 0.8332 0.42412 0.56135 0.67714 0.61171 0.57567 0.41418 0.64409 0.50289 0.35319 0.39156 0.32914 0.36248 0.30618 0.24876 0.33953 0.2751 0 0.20063 0.47501 0.41643 0.45109 0.54359 0.48845 0.41165 0.5248 0.33688 0.37681 0.37487 0.39716 0.30756 0.38454 0.29972 0.40466 0.43929 0.64778 0.42855 0.45686 0.49866 0.48936 0.40653 0.45501 0.44724 0.39222 0.35492 0.35402 0.36087 0.42642 0.39762
0.50152 0.35907 0.69705 0.64865 0.79804 0.37809 0.56227 0.71561 0.65629 0.58809 0.38782 0.66596 0.51535 0.32538 0.31295 0.29837 0.28405 0.30343 0.21161 0.20377 0.40941 0.20063 0 0.54375 0.31554 0.44803 0.52959 0.46594 0.33037 0.48793 0.29003 0.29169 0.30321 0.29152 0.20771 0.35876 0.17982 0.3494 0.31065 0.65597 0.41291 0.42531 0.47597 0.39689 0.33017 0.35916 0.40918 0.29498 0.31278 0.32438 0.33446 0.34702 0.31825
0.49586 0.56753 0.62296 0.58749 0.66169 0.59622 0.5051 0.51715 0.50746 0.53552 0.56108 0.42151 0.49124 0.56278 0.66083 0.64433 0.57719 0.54418 0.59653 0.69342 0.31074 0.47501 0.54375 0 0.67277 0.448 0.53342 0.50098 0.60183 0.52925 0.64312 0.69643 0.6511 0.70704 0.5974 0.49026 0.56585 0.48151 0.68711 0.61746 0.5108 0.50124 0.62316 0.62087 0.60514 0.59987 0.55129 0.63455 0.72443 0.59434 0.61178 0.61562 0.61907
0.30494 0.18519 0.55572 0.50981 0.70625 0.25345 0.5097 0.61725 0.56379 0.42996 0.16938 0.64858 0.41124 0.18658 0.11233 0.18622 0.26668 0.21137 0.19648 0.22509 0.52304 0.41643 0.31554 0.67277 0 0.33209 0.42694 0.32152 0.13966 0.35352 0.16888 0.13696 0.17046 0.11284 0.19148 0.26252 0.26409 0.41083 0.2551 0.61064 0.21239 0.36418 0.43168 0.3781 0.17628 0.30849 0.33959 0.17764 0.16869 0.16362 0.1727 0.23603 0.11583
0.20398 0.25361 0.47332 0.4208 0.58591 0.3074 0.3249 0.4481 0.41913 0.28355 0.22213 0.39335 0.29778 0.19663 0.34965 0.29565 0.31668 0.23609 0.31354 0.40925 0.30871 0.45109 0.44803 0.448 0.33209 0 0.28128 0.19593 0.29398 0.27592 0.26888 0.34711 0.33461 0.35412 0.30365 0.29773 0.3395 0.33342 0.40842 0.4794 0.20298 0.1709 0.37008 0.44853 0.29449 0.39331 0.28079 0.32229 0.38909 0.2898 0.28441 0.23142 0.27471
0.35883 0.38062 0.31293 0.23825 0.42184 0.41432 0.21913 0.30584 0.26402 0.26013 0.32068 0.30127 0.35196 0.32644 0.45119 0.44797 0.38468 0.3466 0.4071 0.48292 0.42141 0.54359 0.52959 0.53342 0.42694 0.28128 0 0.2605 0.41856 0.24269 0.4401 0.45186 0.43784 0.45598 0.44197 0.41389 0.47738 0.27505 0.43298 0.31912 0.25782 0.20821 0.46522 0.35069 0.43206 0.31984 0.25477 0.40753 0.50257 0.38703 0.37358 0.41385 0.40726
0.2985 0.21375 0.41691 0.36564 0.52348 0.36921 0.36381 0.44609 0.39908 0.26439 0.20384 0.46442 0.32975 0.22897 0.30801 0.37239 0.27254 0.25198 0.30572 0.43575 0.40813 0.48845 0.46594 0.50098 0.32152 0.19593 0.2605 0 0.21525 0.24482 0.3345 0.3423 0.34461 0.34681 0.36833 0.31105 0.34798 0.29048 0.35916 0.52606 0.15464 0.21137 0.42128 0.3813 0.2823 0.29388 0.27391 0.34834 0.43311 0.29739 0.31595 0.29224 0.26538
0.30584 0.11785 0.53539 0.49065 0.65213 0.29908 0.48277 0.59738 0.53306 0.40538 0.17449 0.6256 0.40709 0.20509 0.14406 0.2265 0.22568 0.21542 0.2078 0.29388 0.47882 0.41165 0.33037 0.60183 0.13966 0.29398 0.41856 0.21525 0 0.36342 0.23034 0.20954 0.22289 0.17217 0.23115 0.295 0.23023 0.36206 0.27803 0.61022 0.22788 0.34491 0.41649 0.39078 0.1502 0.28567 0.34483 0.24093 0.27383 0.20125 0.22034 0.20497 0.1108
0.26103 0.36671 0.2914 0.22738 0.38351 0.48528 0.21061 0.31568 0.27031 0.19248 0.25272 0.41145 0.21478 0.28601 0.4314 0.42651 0.37849 0.31673 0.34247 0.46536 0.37787 0.5248 0.48793 0.52925 0.35352 0.27592 0.24269 0.24482 0.36342 0 0.41932 0.44815 0.46114 0.43101 0.40035 0.24647 0.45975 0.34368 0.36663 0.36757 0.27747 0.25617 0.53262 0.36798 0.45571 0.33507 0.35941 0.45041 0.48421 0.40156 0.36808 0.42845 0.36588
0.31739 0.23192 0.60658 0.57549 0.74771 0.18495 0.47827 0.60344 0.58538 0.45153 0.26708 0.56502 0.43767 0.16521 0.17322 0.14434 0.24821 0.19202 0.18751 0.22483 0.4388 0.33688 0.29003 0.64312 0.16888 0.26888 0.4401 0.3345 0.23034 0.41932 0 0.16662 0.17165 0.15733 0.16523 0.361 0.1964 0.35848 0.26362 0.57762 0.24532 0.31045 0.34054 0.44367 0.17231 0.36271 0.31896 0.20549 0.14449 0.18061 0.16415 0.17277 0.16837
0.32824 0.18719 0.61949 0.58519 0.78124 0.24839 0.53423 0.65727 0.58895 0.44934 0.23599 0.66255 0.45247 0.22709 0.081946 0.17904 0.26105 0.16015 0.15415 0.19376 0.52258 0.37681 0.29169 0.69643 0.13696 0.34711 0.45186 0.3423 0.20954 0.44815 0.16662 0 0.08566 0.079711 0.21293 0.33913 0.21177 0.41817 0.27186 0.67002 0.24228 0.36797 0.43346 0.43222 0.13787 0.35173 0.31977 0.13936 0.14022 0.14556 0.22565 0.222 0.13862
0.33139 0.18487 0.61936 0.57259 0.76349 0.21114 0.51932 0.62147 0.5711 0.43425 0.23953 0.62813 0.44775 0.2475 0.10844 0.15667 0.27262 0.17683 0.1627 0.22304 0.49593 0.37487 0.30321 0.6511 0.17046 0.33461 0.43784 0.34461 0.22289 0.46114 0.17165 0.08566 0 0.13087 0.23413 0.34453 0.18653 0.39786 0.29711 0.68183 0.24905 0.36037 0.4065 0.43514 0.15477 0.33899 0.30213 0.14557 0.14279 0.12637 0.21859 0.21242 0.16817
0.3409 0.18039 0.60528 0.57544 0.76901 0.21734 0.54003 0.65383 0.58901 0.45399 0.22997 0.66068 0.44311 0.21697 0.11074 0.16805 0.2346 0.16976 0.18288 0.19447 0.52322 0.39716 0.29152 0.70704 0.11284 0.35412 0.45598 0.34681 0.17217 0.43101 0.15733 0.079711 0.13087 0 0.19334 0.3323 0.2055 0.40019 0.23414 0.64239 0.24808 0.36315 0.40309 0.38581 0.14162 0.29082 0.3122 0.13568 0.13387 0.14235 0.20686 0.1933 0.12119
0.3358 0.22217 0.59927 0.56648 0.72121 0.25678 0.43645 0.62154 0.56994 0.47318 0.27886 0.55232 0.38596 0.16591 0.21171 0.15334 0.1757 0.1926 0.15795 0.20504 0.42678 0.30756 0.20771 0.5974 0.19148 0.30365 0.44197 0.36833 0.23115 0.40035 0.16523 0.21293 0.23413 0.19334 0 0.26494 0.16103 0.32266 0.26586 0.56436 0.29152 0.26996 0.3824 0.35207 0.22744 0.28284 0.30056 0.23497 0.19695 0.20992 0.18188 0.20899 0.16408
0.21953 0.29709 0.49489 0.40829 0.58498 0.43742 0.35793 0.50245 0.44179 0.33159 0.22159 0.54841 0.22786 0.27143 0.32234 0.32732 0.33184 0.22205 0.22737 0.35578 0.38248 0.38454 0.35876 0.49026 0.26252 0.29773 0.41389 0.31105 0.295 0.24647 0.361 0.33913 0.34453 0.3323 0.26494 0 0.33071 0.36876 0.38704 0.56371 0.29483 0.34549 0.55743 0.36305 0.38427 0.33261 0.38584 0.35173 0.36923 0.30809 0.34939 0.38765 0.27819
0.41126 0.24351 0.65462 0.6192 0.75943 0.25016 0.50376 0.62092 0.62454 0.48763 0.32813 0.56422 0.49037 0.27156 0.22177 0.19896 0.23581 0.21957 0.16787 0.2318 0.43221 0.29972 0.17982 0.56585 0.26409 0.3395 0.47738 0.34798 0.23023 0.45975 0.1964 0.21177 0.18653 0.2055 0.16103 0.33071 0 0.30792 0.30271 0.66011 0.30485 0.32563 0.38165 0.36943 0.19308 0.2874 0.32963 0.22718 0.25769 0.21054 0.26493 0.21721 0.22596
0.44329 0.36165 0.45885 0.41716 0.51852 0.39675 0.34186 0.49334 0.42418 0.39908 0.33642 0.3921 0.41094 0.30317 0.4089 0.40797 0.21976 0.31538 0.34541 0.39929 0.38756 0.40466 0.3494 0.48151 0.41083 0.33342 0.27505 0.29048 0.36206 0.34368 0.35848 0.41817 0.39786 0.40019 0.32266 0.36876 0.30792 0 0.31179 0.42892 0.26603 0.23546 0.40573 0.21257 0.3818 0.17752 0.17659 0.39789 0.43688 0.36347 0.33634 0.33636 0.37978
0.46434 0.32024 0.53347 0.5094 0.65177 0.29843 0.4915 0.64834 0.56091 0.51108 0.27277 0.63305 0.47443 0.25744 0.29249 0.31587 0.20387 0.28541 0.26294 0.23986 0.53222 0.43929 0.31065 0.68711 0.2551 0.40842 0.43298 0.35916 0.27803 0.36663 0.26362 0.27186 0.29711 0.23414 0.26586 0.38704 0.30271 0.31179 0 0.59194 0.28049 0.34393 0.35659 0.29012 0.27925 0.23837 0.29228 0.24849 0.29259 0.30667 0.27669 0.24229 0.25025
0.50835 0.61638 0.22676 0.29615 0.28181 0.62868 0.29191 0.35913 0.24375 0.42634 0.55982 0.37374 0.3942 0.48298 0.66774 0.59188 0.5471 0.54666 0.58451 0.63644 0.50289 0.64778 0.65597 0.61746 0.61064 0.4794 0.31912 0.52606 0.61022 0.36757 0.57762 0.67002 0.68183 0.64239 0.56436 0.56371 0.66011 0.42892 0.59194 0 0.51807 0.41484 0.65583 0.49003 0.67026 0.48839 0.47334 0.66967 0.63307 0.61202 0.51759 0.60174 0.59676
0.29282 0.22344 0.45711 0.4109 0.60057 0.23691 0.39175 0.47269 0.43197 0.2885 0.16287 0.4607 0.33153 0.15799 0.24893 0.26891 0.21397 0.17086 0.23764 0.34839 0.40469 0.42855 0.41291 0.5108 0.21239 0.20298 0.25782 0.15464 0.22788 0.27747 0.24532 0.24228 0.24905 0.24808 0.29152 0.29483 0.30485 0.26603 0.28049 0.51807 0 0.20965 0.32297 0.33438 0.21016 0.24749 0.18947 0.22946 0.30733 0.18452 0.20327 0.23247 0.20148
0.29231 0.29835 0.42032 0.39535 0.53606 0.31864 0.26366 0.41869 0.37244 0.29751 0.28137 0.32509 0.31548 0.20516 0.37266 0.32699 0.24699 0.2403 0.31082 0.39204 0.34017 0.45686 0.42531 0.50124 0.36418 0.1709 0.20821 0.21137 0.34491 0.25617 0.31045 0.36797 0.36037 0.36315 0.26996 0.34549 0.32563 0.23546 0.34393 0.41484 0.20965 0 0.36573 0.31812 0.3357 0.26659 0.19856 0.35301 0.40471 0.32709 0.28634 0.272 0.30792
0.51551 0.41209 0.71227 0.65994 0.83024 0.23211 0.57392 0.62541 0.65058 0.55072 0.42556 0.45198 0.55994 0.3401 0.45243 0.33761 0.31242 0.39627 0.42111 0.44711 0.51857 0.49866 0.47597 0.62316 0.43168 0.37008 0.46522 0.42128 0.41649 0.53262 0.34054 0.43346 0.4065 0.40309 0.3824 0.55743 0.38165 0.40573 0.35659 0.65583 0.32297 0.36573 0 0.50203 0.34749 0.39954 0.33397 0.34957 0.40226 0.34431 0.30082 0.27368 0.38013
0.51294 0.41831 0.47952 0.44422 0.51479 0.44158 0.40082 0.57155 0.50288 0.49225 0.32968 0.49435 0.45973 0.34576 0.433 0.43243 0.27043 0.3584 0.3726 0.41145 0.50456 0.48936 0.39689 0.62087 0.3781 0.44853 0.35069 0.3813 0.39078 0.36798 0.44367 0.43222 0.43514 0.38581 0.35207 0.36305 0.36943 0.21257 0.29012 0.49003 0.33438 0.31812 0.50203 0 0.44361 0.15404 0.25265 0.4095 0.457 0.41626 0.37313 0.38091 0.36994
0.35242 0.17188 0.61169 0.57864 0.75598 0.19098 0.53075 0.64564 0.59978 0.45605 0.24965 0.58595 0.48191 0.24233 0.13006 0.20333 0.2491 0.19095 0.20945 0.25978 0.50079 0.40653 0.33017 0.60514 0.17628 0.29449 0.43206 0.2823 0.1502 0.45571 0.17231 0.13787 0.15477 0.14162 0.22744 0.38427 0.19308 0.3818 0.27925 0.67026 0.21016 0.3357 0.34749 0.44361 0 0.34289 0.28899 0.14298 0.21367 0.15151 0.22713 0.19238 0.14631
0.45694 0.31303 0.45007 0.41811 0.55675 0.32981 0.35864 0.517 0.4561 0.42501 0.2882 0.46054 0.40571 0.2686 0.33752 0.35357 0.18459 0.28595 0.29695 0.34671 0.48496 0.45501 0.35916 0.59987 0.30849 0.39331 0.31984 0.29388 0.28567 0.33507 0.36271 0.35173 0.33899 0.29082 0.28284 0.33261 0.2874 0.17752 0.23837 0.48839 0.24749 0.26659 0.39954 0.15404 0.34289 0 0.17679 0.32688 0.37097 0.32236 0.29217 0.27089 0.27332
0.38142 0.30713 0.47407 0.42837 0.58305 0.25905 0.33821 0.48911 0.43587 0.37254 0.28356 0.39706 0.40229 0.24946 0.33777 0.32641 0.20873 0.23705 0.31455 0.39437 0.42101 0.44724 0.40918 0.55129 0.33959 0.28079 0.25477 0.27391 0.34483 0.35941 0.31896 0.31977 0.30213 0.3122 0.30056 0.38584 0.32963 0.17659 0.29228 0.47334 0.18947 0.19856 0.33397 0.25265 0.28899 0.17679 0 0.29653 0.34355 0.27135 0.25706 0.27604 0.29095
0.39007 0.24288 0.64059 0.60355 0.77598 0.18356 0.56668 0.65894 0.59325 0.47655 0.24625 0.62187 0.467 0.26361 0.18369 0.20227 0.27026 0.20333 0.20402 0.18356 0.53191 0.39222 0.29498 0.63455 0.17764 0.32229 0.40753 0.34834 0.24093 0.45041 0.20549 0.13936 0.14557 0.13568 0.23497 0.35173 0.22718 0.39789 0.24849 0.66967 0.22946 0.35301 0.34957 0.4095 0.14298 0.32688 0.29653 0 0.18349 0.14259 0.25779 0.2327 0.20922
0.36152 0.26812 0.66561 0.62171 0.82214 0.19595 0.55192 0.63573 0.62222 0.48996 0.31034 0.63588 0.44405 0.23862 0.17176 0.1327 0.28234 0.22863 0.1924 0.19644 0.52348 0.35492 0.31278 0.72443 0.16869 0.38909 0.50257 0.43311 0.27383 0.48421 0.14449 0.14022 0.14279 0.13387 0.19695 0.36923 0.25769 0.43688 0.29259 0.63307 0.30733 0.40471 0.40226 0.457 0.21367 0.37097 0.34355 0.18349 0 0.15359 0.15178 0.26013 0.19473
0.3367 0.20056 0.60233 0.55512 0.73976 0.18011 0.50522 0.54891 0.52815 0.37899 0.22186 0.54636 0.39724 0.22938 0.15224 0.12599 0.26486 0.15585 0.17718 0.2735 0.45751 0.35402 0.32438 0.59434 0.16362 0.2898 0.38703 0.29739 0.20125 0.40156 0.18061 0.14556 0.12637 0.14235 0.20992 0.30809 0.21054 0.36347 0.30667 0.61202 0.18452 0.32709 0.34431 0.41626 0.15151 0.32236 0.27135 0.14259 0.15359 0 0.18823 0.23266 0.15792
0.30576 0.2304 0.54826 0.49068 0.70443 0.15014 0.42507 0.50709 0.49784 0.37326 0.23441 0.51167 0.37097 0.14168 0.20597 0.13844 0.1923 0.21693 0.20637 0.27328 0.40758 0.36087 0.33446 0.61178 0.1727 0.28441 0.37358 0.31595 0.22034 0.36808 0.16415 0.22565 0.21859 0.20686 0.18188 0.34939 0.26493 0.33634 0.27669 0.51759 0.20327 0.28634 0.30082 0.37313 0.22713 0.29217 0.25706 0.25779 0.15178 0.18823 0 0.19707 0.17152
0.32783 0.19612 0.58079 0.54904 0.71679 0.19698 0.45771 0.61233 0.5645 0.43839 0.24416 0.5479 0.44661 0.18049 0.23168 0.20509 0.19906 0.22403 0.24666 0.29118 0.43941 0.42642 0.34702 0.61562 0.23603 0.23142 0.41385 0.29224 0.20497 0.42845 0.17277 0.222 0.21242 0.1933 0.20899 0.38765 0.21721 0.33636 0.24229 0.60174 0.23247 0.272 0.27368 0.38091 0.19238 0.27089 0.27604 0.2327 0.26013 0.23266 0.19707 0 0.15501
0.26264 0.13762 0.54303 0.49922 0.69526 0.22949 0.43727 0.58003 0.50962 0.3903 0.17945 0.60258 0.3729 0.15526 0.11963 0.16026 0.20176 0.16833 0.1807 0.25951 0.4595 0.39762 0.31825 0.61907 0.11583 0.27471 0.40726 0.26538 0.1108 0.36588 0.16837 0.13862 0.16817 0.12119 0.16408 0.27819 0.22596 0.37978 0.25025 0.59676 0.20148 0.30792 0.38013 0.36994 0.14631 0.27332 0.29095 0.20922 0.19473 0.15792 0.17152 0.15501 0
