0 0.31171 0.34546 0.30545 0.47773 0.46223 0.20509 0.39998 0.35938 0.21032 0.30003 0.48539 0.25324 0.27568 0.35947 0.34458 0.39854 0.27092 0.31746 0.502 0.37408 0.52169 0.52003 0.59528 0.36663 0.24005 0.32652 0.3548 0.38901 0.25575 0.33991 0.35193 0.35803 0.38458 0.36439 0.27561 0.44683 0.41749 0.48252 0.44337 0.31875 0.28575 0.60893 0.49923 0.40999 0.46741 0.35633 0.45095 0.3959 0.39815 0.33247 0.37444 0.31319
0.31171 0 0.48418 0.47146 0.59626 0.36897 0.45356 0.58134 0.53175 0.37885 0.19835 0.65316 0.49141 0.21148 0.16988 0.2958 0.21211 0.20999 0.22651 0.34488 0.52104 0.45427 0.37273 0.69264 0.25235 0.32637 0.37672 0.22375 0.15648 0.39625 0.27425 0.21025 0.21009 0.21574 0.26228 0.37267 0.26474 0.34122 0.32054 0.62546 0.25526 0.32699 0.49953 0.40314 0.20188 0.29506 0.29137 0.2952 0.32728 0.25833 0.26842 0.22842 0.1793
0.34546 0.48418 0 0.13619 0.16744 0.6759 0.25387 0.31561 0.22853 0.30362 0.40371 0.47732 0.37552 0.43427 0.53913 0.58951 0.49107 0.42334 0.46743 0.59888 0.51342 0.68106 0.61929 0.58576 0.51 0.44427 0.331 0.38755 0.4913 0.24938 0.56935 0.55702 0.56252 0.55767 0.55723 0.41036 0.60763 0.41551 0.47865 0.26823 0.41381 0.41348 0.77687 0.45575 0.5693 0.44099 0.45674 0.59534 0.63357 0.56674 0.53716 0.5694 0.5017
0.30545 0.47146 0.13619 0 0.23733 0.61155 0.20991 0.27506 0.23025 0.23506 0.36568 0.43787 0.36597 0.41854 0.52186 0.5321 0.4767 0.40962 0.43332 0.56682 0.46866 0.61922 0.57619 0.58583 0.47592 0.41114 0.26579 0.36267 0.46619 0.21974 0.54774 0.53846 0.52412 0.54134 0.53473 0.34688 0.58249 0.38097 0.46973 0.33686 0.37889 0.40261 0.72283 0.42804 0.55296 0.42143 0.41647 0.57266 0.5929 0.53132 0.47634 0.54849 0.47676
0.47773 0.59626 0.16744 0.23733 0 0.8053 0.33793 0.39869 0.3191 0.39966 0.47121 0.53455 0.46976 0.57044 0.67248 0.7195 0.56862 0.5528 0.59528 0.70647 0.56412 0.75072 0.69706 0.59319 0.64929 0.53303 0.42536 0.47098 0.58364 0.32426 0.6895 0.71162 0.69038 0.71326 0.66353 0.49165 0.68957 0.44794 0.56766 0.29294 0.54205 0.50697 0.86244 0.4781 0.69779 0.53443 0.55143 0.71015 0.77687 0.68631 0.68027 0.68289 0.64691
0.46223 0.36897 0.6759 0.61155 0.8053 0 0.5649 0.5615 0.63677 0.47125 0.3955 0.52219 0.58105 0.32183 0.32041 0.21669 0.3293 0.31941 0.35704 0.35213 0.57792 0.50853 0.43705 0.71395 0.31566 0.36927 0.41559 0.43506 0.37216 0.55329 0.24513 0.29675 0.23896 0.27303 0.32417 0.51505 0.29784 0.45834 0.3682 0.66558 0.29101 0.37171 0.2897 0.4936 0.2343 0.37351 0.28452 0.20889 0.23697 0.21458 0.18832 0.25634 0.27667
0.20509 0.45356 0.25387 0.20991 0.33793 0.5649 0 0.27395 0.23938 0.22387 0.42245 0.34838 0.24927 0.35545 0.50936 0.43321 0.4118 0.35121 0.37365 0.55621 0.33565 0.52151 0.51086 0.53331 0.52806 0.31277 0.26787 0.39907 0.50161 0.22453 0.45617 0.51468 0.49794 0.54244 0.40228 0.33028 0.47211 0.32662 0.4983 0.31049 0.4024 0.26695 0.64789 0.41113 0.53354 0.39447 0.34161 0.56978 0.54249 0.50804 0.43211 0.4658 0.43223
0.39998 0.58134 0.31561 0.27506 0.39869 0.5615 0.27395 0 0.25192 0.24923 0.55219 0.29748 0.42978 0.50469 0.64814 0.52784 0.60644 0.49558 0.53043 0.6633 0.41852 0.63089 0.66834 0.4888 0.63332 0.44973 0.33279 0.48195 0.62379 0.34868 0.58409 0.64292 0.59303 0.65415 0.60917 0.50534 0.57694 0.46923 0.66926 0.37229 0.46796 0.42897 0.66515 0.58249 0.64988 0.54836 0.48497 0.65228 0.60843 0.51863 0.4952 0.63798 0.59489
0.35938 0.53175 0.22853 0.23025 0.3191 0.63677 0.23938 0.25192 0 0.24427 0.45914 0.45115 0.2864 0.49093 0.56695 0.552 0.48799 0.42155 0.49075 0.59839 0.38009 0.57106 0.6193 0.50245 0.59206 0.44322 0.29652 0.4461 0.56457 0.31256 0.59648 0.57928 0.55682 0.5964 0.57209 0.43817 0.62272 0.39662 0.5763 0.21832 0.44568 0.39949 0.74233 0.50797 0.61985 0.48814 0.43702 0.59238 0.6277 0.52605 0.52074 0.60576 0.52742
0.21032 0.37885 0.30362 0.23506 0.39966 0.47125 0.22387 0.24923 0.24427 0 0.32888 0.42347 0.28651 0.34732 0.42405 0.41019 0.40178 0.28945 0.3522 0.53638 0.36232 0.54525 0.53777 0.56419 0.42998 0.28151 0.23112 0.28876 0.41586 0.20735 0.43012 0.40918 0.38829 0.43019 0.45254 0.32185 0.44315 0.33058 0.49852 0.39759 0.26405 0.28528 0.61329 0.45371 0.44387 0.40955 0.3178 0.4578 0.46454 0.34194 0.36899 0.45144 0.3879
0.30003 0.19835 0.40371 0.36568 0.47121 0.3955 0.42245 0.55219 0.45914 0.32888 0 0.65419 0.40318 0.21467 0.24504 0.32912 0.2526 0.19322 0.24402 0.33833 0.50665 0.44448 0.38691 0.69402 0.19787 0.31518 0.31554 0.24702 0.22838 0.26047 0.30866 0.24801 0.25407 0.25276 0.31685 0.25091 0.35876 0.31506 0.25147 0.5648 0.18118 0.32221 0.53247 0.28249 0.29311 0.2724 0.26718 0.27108 0.35373 0.26446 0.28288 0.30476 0.22981
0.48539 0.65316 0.47732 0.43787 0.53455 0.52219 0.34838 0.29748 0.45115 0.42347 0.65419 0 0.53958 0.55688 0.74835 0.57149 0.62722 0.55586 0.621 0.72677 0.48564 0.66826 0.70729 0.41194 0.74605 0.41577 0.38289 0.54399 0.72042 0.48068 0.60862 0.72075 0.6767 0.74089 0.6161 0.59967 0.60468 0.46546 0.73299 0.43841 0.51673 0.38497 0.4909 0.62417 0.62984 0.59066 0.46806 0.66672 0.69053 0.58063 0.58442 0.61991 0.68467
0.25324 0.49141 0.37552 0.36597 0.46976 0.58105 0.24927 0.42978 0.2864 0.28651 0.40318 0.53958 0 0.37453 0.50837 0.47436 0.42385 0.33778 0.36949 0.54796 0.41616 0.52862 0.52717 0.58832 0.4835 0.38553 0.38268 0.4468 0.49992 0.25536 0.4918 0.49541 0.49028 0.49561 0.41798 0.25245 0.54332 0.41372 0.52308 0.34237 0.40244 0.37656 0.7072 0.46563 0.5642 0.43984 0.43074 0.52486 0.47742 0.45094 0.44443 0.54586 0.4435
0.27568 0.21148 0.43427 0.41854 0.57044 0.32183 0.35545 0.50469 0.49093 0.34732 0.21467 0.55688 0.37453 0 0.23866 0.23513 0.2381 0.16831 0.16451 0.27464 0.46082 0.36731 0.31571 0.69739 0.22296 0.25074 0.32627 0.26828 0.2549 0.2969 0.17622 0.23793 0.27021 0.24519 0.16782 0.2895 0.29229 0.31343 0.27374 0.47912 0.20455 0.23863 0.45045 0.35435 0.28448 0.28984 0.26435 0.2992 0.26213 0.27514 0.18393 0.23892 0.18183
0.35947 0.16988 0.53913 0.52186 0.67248 0.32041 0.50936 0.64814 0.56695 0.42405 0.24504 0.74835 0.50837 0.23866 0 0.24518 0.22874 0.2071 0.20173 0.28832 0.60933 0.46618 0.34094 0.78926 0.13279 0.42525 0.44498 0.31996 0.16577 0.44762 0.20402 0.099048 0.1375 0.13863 0.2522 0.37091 0.26976 0.40749 0.29005 0.6732 0.27775 0.40887 0.55305 0.41965 0.16537 0.32159 0.33281 0.24234 0.21696 0.20564 0.22643 0.27586 0.12794
0.34458 0.2958 0.58951 0.5321 0.7195 0.21669 0.43321 0.52784 0.552 0.41019 0.32912 0.57149 0.47436 0.23513 0.24518 0 0.27135 0.23699 0.20759 0.30273 0.52587 0.38868 0.33086 0.77174 0.23944 0.34867 0.44223 0.42096 0.28674 0.44495 0.17689 0.23569 0.20825 0.23173 0.17765 0.38213 0.24583 0.42011 0.3412 0.56788 0.31061 0.35031 0.3939 0.43233 0.28379 0.35806 0.32984 0.27719 0.1657 0.16979 0.14006 0.24723 0.18976
0.39854 0.21211 0.49107 0.4767 0.56862 0.3293 0.4118 0.60644 0.48799 0.40178 0.2526 0.62722 0.42385 0.2381 0.22874 0.27135 0 0.21598 0.21585 0.27405 0.47425 0.38831 0.27216 0.68104 0.28993 0.36028 0.37662 0.28699 0.21822 0.39699 0.28616 0.2524 0.26723 0.24264 0.17643 0.3345 0.23961 0.23659 0.2243 0.55555 0.26002 0.27717 0.42633 0.26875 0.2585 0.18723 0.24366 0.27957 0.31517 0.281 0.23227 0.23058 0.1923
0.27092 0.20999 0.42334 0.40962 0.5528 0.31941 0.35121 0.49558 0.42155 0.28945 0.19322 0.55586 0.33778 0.16831 0.2071 0.23699 0.21598 0 0.1475 0.32386 0.42864 0.35562 0.33318 0.65035 0.25735 0.26552 0.30235 0.25149 0.25793 0.30026 0.23673 0.17757 0.20975 0.20872 0.22848 0.23719 0.2606 0.28752 0.2991 0.51492 0.16197 0.23751 0.48571 0.32768 0.24178 0.26405 0.20326 0.24924 0.28379 0.19186 0.2532 0.26947 0.18841
0.31746 0.22651 0.46743 0.43332 0.59528 0.35704 0.37365 0.53043 0.49075 0.3522 0.24402 0.621 0.36949 0.16451 0.20173 0.20759 0.21585 0.1475 0 0.23597 0.48535 0.28936 0.21855 0.69859 0.22188 0.35545 0.36419 0.30346 0.22866 0.30858 0.22354 0.19081 0.21446 0.22522 0.1664 0.22759 0.19848 0.31247 0.25578 0.54261 0.23725 0.31379 0.50218 0.32803 0.26572 0.2576 0.29959 0.26366 0.24164 0.21343 0.21846 0.28322 0.18899
0.502 0.34488 0.59888 0.56682 0.70647 0.35213 0.55621 0.6633 0.59839 0.53638 0.33833 0.72677 0.54796 0.27464 0.28832 0.30273 0.27405 0.32386 0.23597 0 0.5821 0.39189 0.22703 0.80029 0.24194 0.45353 0.44404 0.45242 0.32452 0.44691 0.2684 0.24188 0.28462 0.22771 0.2227 0.38113 0.28212 0.39532 0.22678 0.59513 0.37839 0.40591 0.53112 0.38527 0.32193 0.32833 0.41222 0.2243 0.2425 0.3306 0.28717 0.32987 0.27916
0.37408 0.52104 0.51342 0.46866 0.56412 0.57792 0.33565 0.41852 0.38009 0.36232 0.50665 0.48564 0.41616 0.46082 0.60933 0.52587 0.47425 0.42864 0.48535 0.5821 0 0.27488 0.42988 0.34797 0.63861 0.36001 0.40504 0.47737 0.57883 0.40294 0.51263 0.59657 0.56522 0.62132 0.49908 0.43966 0.47751 0.37483 0.60811 0.45685 0.47917 0.38111 0.6439 0.51297 0.58789 0.53903 0.45786 0.61849 0.61469 0.53068 0.49989 0.53782 0.54834
0.52169 0.45427 0.68106 0.61922 0.75072 0.50853 0.52151 0.63089 0.57106 0.54525 0.44448 0.66826 0.52862 0.36731 0.46618 0.38868 0.38831 0.35562 0.28936 0.39189 0.27488 0 0.22303 0.5453 0.48068 0.49009 0.49807 0.5054 0.46309 0.50998 0.39473 0.44798 0.45476 0.47746 0.35327 0.40631 0.35905 0.37293 0.47468 0.57947 0.45346 0.47586 0.57401 0.45425 0.49423 0.44801 0.46097 0.47833 0.42918 0.40911 0.39167 0.4882 0.4441
0.52003 0.37273 0.61929 0.57619 0.69706 0.43705 0.51086 0.66834 0.6193 0.53777 0.38691 0.70729 0.52717 0.31571 0.34094 0.33086 0.27216 0.33318 0.21855 0.22703 0.42988 0.22303 0 0.6295 0.32027 0.46839 0.47603 0.45667 0.32685 0.44466 0.32269 0.32513 0.34701 0.31455 0.21309 0.35626 0.2013 0.32554 0.29933 0.59544 0.42554 0.42747 0.54406 0.34312 0.3741 0.32219 0.41342 0.3352 0.36579 0.35461 0.34407 0.36539 0.31369
0.59528 0.69264 0.58576 0.58583 0.59319 0.71395 0.53331 0.4888 0.50245 0.56419 0.69402 0.41194 0.58832 0.69739 0.78926 0.77174 0.68104 0.65035 0.69859 0.80029 0.34797 0.5453 0.6295 0 0.83386 0.53179 0.55497 0.57899 0.74008 0.599 0.76452 0.81885 0.75588 0.85314 0.73144 0.61346 0.66384 0.52039 0.80271 0.59179 0.60203 0.58844 0.74295 0.68947 0.7061 0.69336 0.61569 0.73251 0.86222 0.70326 0.74904 0.75483 0.76419
0.36663 0.25235 0.51 0.47592 0.64929 0.31566 0.52806 0.63332 0.59206 0.42998 0.19787 0.74605 0.4835 0.22296 0.13279 0.23944 0.28993 0.25735 0.22188 0.24194 0.63861 0.48068 0.32027 0.83386 0 0.4259 0.43598 0.36733 0.18663 0.35754 0.20187 0.1534 0.19643 0.13324 0.23224 0.29976 0.30727 0.43626 0.24625 0.61875 0.25704 0.42029 0.5494 0.36385 0.22939 0.30771 0.36096 0.21717 0.19714 0.22105 0.19732 0.31051 0.15525
0.24005 0.32637 0.44427 0.41114 0.53303 0.36927 0.31277 0.44973 0.44322 0.28151 0.31518 0.41577 0.38553 0.25074 0.42525 0.34867 0.36028 0.26552 0.35545 0.45353 0.36001 0.49009 0.46839 0.53179 0.4259 0 0.27056 0.2499 0.39108 0.31204 0.29951 0.39849 0.38126 0.42306 0.342 0.35931 0.36406 0.31678 0.45706 0.45931 0.24764 0.16905 0.45408 0.46691 0.3442 0.43699 0.26921 0.36873 0.45593 0.35092 0.36045 0.28355 0.35721
0.32652 0.37672 0.331 0.26579 0.42536 0.41559 0.26787 0.33279 0.29652 0.23112 0.31554 0.38289 0.38268 0.32627 0.44498 0.44223 0.37662 0.30235 0.36419 0.44404 0.40504 0.49807 0.47603 0.55497 0.43598 0.27056 0 0.26998 0.44019 0.26243 0.42535 0.42286 0.40067 0.44481 0.42973 0.39926 0.44893 0.25471 0.43756 0.36302 0.23367 0.20188 0.51106 0.37264 0.4174 0.36033 0.24315 0.36285 0.49511 0.36333 0.37856 0.42663 0.42231
0.3548 0.22375 0.38755 0.36267 0.47098 0.43506 0.39907 0.48195 0.4461 0.28876 0.24702 0.54399 0.4468 0.26828 0.31996 0.42096 0.28699 0.25149 0.30346 0.45242 0.47737 0.5054 0.45667 0.57899 0.36733 0.2499 0.26998 0 0.23079 0.30135 0.35516 0.34886 0.35344 0.36927 0.39832 0.34943 0.33605 0.25785 0.37331 0.55527 0.16819 0.24422 0.5252 0.3744 0.28338 0.2993 0.26276 0.36605 0.47914 0.31955 0.38282 0.33242 0.30038
0.38901 0.15648 0.4913 0.46619 0.58364 0.37216 0.50161 0.62379 0.56457 0.41586 0.22838 0.72042 0.49992 0.2549 0.16577 0.28674 0.21822 0.25793 0.22866 0.32452 0.57883 0.46309 0.32685 0.74008 0.18663 0.39108 0.44019 0.23079 0 0.39364 0.27892 0.24169 0.25895 0.19941 0.27518 0.36277 0.24049 0.35301 0.26809 0.62161 0.27502 0.39906 0.51753 0.37305 0.17613 0.26492 0.35876 0.29538 0.3323 0.26417 0.26272 0.25316 0.15392
0.25575 0.39625 0.24938 0.21974 0.32426 0.55329 0.22453 0.34868 0.31256 0.20735 0.26047 0.48068 0.25536 0.2969 0.44762 0.44495 0.39699 0.30026 0.30858 0.44691 0.40294 0.50998 0.44466 0.599 0.35754 0.31204 0.26243 0.30135 0.39364 0 0.42545 0.44922 0.47102 0.43861 0.39722 0.21568 0.45423 0.32463 0.36285 0.35311 0.29519 0.29847 0.64342 0.34177 0.48509 0.34874 0.37608 0.45971 0.49883 0.41776 0.40386 0.4798 0.3938
0.33991 0.27425 0.56935 0.54774 0.6895 0.24513 0.45617 0.58409 0.59648 0.43012 0.30866 0.60862 0.4918 0.17622 0.20402 0.17689 0.28616 0.23673 0.22354 0.2684 0.51263 0.39473 0.32269 0.76452 0.20187 0.29951 0.42535 0.35516 0.27892 0.42545 0 0.19565 0.20055 0.20458 0.19498 0.41006 0.23184 0.37767 0.30104 0.55997 0.27965 0.32919 0.42971 0.47581 0.22798 0.39739 0.35037 0.26827 0.19158 0.2321 0.18948 0.21453 0.19585
0.35193 0.21025 0.55702 0.53846 0.71162 0.29675 0.51468 0.64292 0.57928 0.40918 0.24801 0.72075 0.49541 0.23793 0.099048 0.23569 0.2524 0.17757 0.19081 0.24188 0.59657 0.44798 0.32513 0.81885 0.1534 0.39849 0.42286 0.34886 0.24169 0.44922 0.19565 0 0.11703 0.088326 0.24101 0.37322 0.25701 0.41688 0.26358 0.66003 0.25332 0.38104 0.51966 0.41304 0.18045 0.33486 0.30031 0.1872 0.17676 0.17989 0.24312 0.25214 0.13795
0.35803 0.21009 0.56252 0.52412 0.69038 0.23896 0.49794 0.59303 0.55682 0.38829 0.25407 0.6767 0.49028 0.27021 0.1375 0.20825 0.26723 0.20975 0.21446 0.28462 0.56522 0.45476 0.34701 0.75588 0.19643 0.38126 0.40067 0.35344 0.25895 0.47102 0.20055 0.11703 0 0.16183 0.27515 0.38312 0.22377 0.38308 0.29843 0.67718 0.25456 0.37499 0.47527 0.41401 0.19581 0.31258 0.27158 0.18859 0.17811 0.14566 0.23706 0.23378 0.17627
0.38458 0.21574 0.55767 0.54134 0.71326 0.27303 0.54244 0.65415 0.5964 0.43019 0.25276 0.74089 0.49561 0.24519 0.13863 0.23173 0.24264 0.20872 0.22522 0.22771 0.62132 0.47746 0.31455 0.85314 0.13324 0.42306 0.44481 0.36927 0.19941 0.43861 0.20458 0.088326 0.16183 0 0.23542 0.37697 0.24846 0.42007 0.22965 0.64648 0.28225 0.39705 0.50378 0.37285 0.19167 0.2746 0.31928 0.17668 0.18006 0.18913 0.23862 0.23886 0.12854
0.36439 0.26228 0.55723 0.53473 0.66353 0.32417 0.40228 0.60917 0.57209 0.45254 0.31685 0.6161 0.41798 0.16782 0.2522 0.17765 0.17643 0.22848 0.1664 0.2227 0.49908 0.35327 0.21309 0.73144 0.23224 0.342 0.42973 0.39832 0.27518 0.39722 0.19498 0.24101 0.27515 0.23542 0 0.29967 0.20582 0.33867 0.26823 0.54295 0.33271 0.28004 0.4725 0.34652 0.28295 0.28512 0.31685 0.28173 0.23161 0.26461 0.20358 0.24471 0.17902
0.27561 0.37267 0.41036 0.34688 0.49165 0.51505 0.33028 0.50534 0.43817 0.32185 0.25091 0.59967 0.25245 0.2895 0.37091 0.38213 0.3345 0.23719 0.22759 0.38113 0.43966 0.40631 0.35626 0.61346 0.29976 0.35931 0.39926 0.34943 0.36277 0.21568 0.41006 0.37322 0.38312 0.37697 0.29967 0 0.37027 0.32858 0.37569 0.51985 0.30937 0.3689 0.66511 0.29618 0.4603 0.29748 0.37322 0.39912 0.41287 0.36169 0.38683 0.4554 0.33005
0.44683 0.26474 0.60763 0.58249 0.68957 0.29784 0.47211 0.57694 0.62272 0.44315 0.35876 0.60468 0.54332 0.29229 0.26976 0.24583 0.23961 0.2606 0.19848 0.28212 0.47751 0.35905 0.2013 0.66384 0.30727 0.36406 0.44893 0.33605 0.24049 0.45423 0.23184 0.25701 0.22377 0.24846 0.20582 0.37027 0 0.30014 0.31116 0.65188 0.31833 0.33035 0.44371 0.34796 0.22775 0.26089 0.33207 0.28198 0.33503 0.24691 0.29822 0.22623 0.23734
0.41749 0.34122 0.41551 0.38097 0.44794 0.45834 0.32662 0.46923 0.39662 0.33058 0.31506 0.46546 0.41372 0.31343 0.40749 0.42011 0.23659 0.28752 0.31247 0.39532 0.37483 0.37293 0.32554 0.52039 0.43626 0.31678 0.25471 0.25785 0.35301 0.32463 0.37767 0.41688 0.38308 0.42007 0.33867 0.32858 0.30014 0 0.34842 0.43011 0.27178 0.2441 0.50695 0.25298 0.38679 0.21968 0.21472 0.39999 0.47298 0.35872 0.3785 0.36754 0.38986
0.48252 0.32054 0.47865 0.46973 0.56766 0.3682 0.4983 0.66926 0.5763 0.49852 0.25147 0.73299 0.52308 0.27374 0.29005 0.3412 0.2243 0.2991 0.25578 0.22678 0.60811 0.47468 0.29933 0.80271 0.24625 0.45706 0.43756 0.37331 0.26809 0.36285 0.30104 0.26358 0.29843 0.22965 0.26823 0.37569 0.31116 0.34842 0 0.60701 0.31574 0.39427 0.4626 0.27287 0.29753 0.24096 0.34372 0.24732 0.32616 0.32882 0.32172 0.26622 0.23737
0.44337 0.62546 0.26823 0.33686 0.29294 0.66558 0.31049 0.37229 0.21832 0.39759 0.5648 0.43841 0.34237 0.47912 0.6732 0.56788 0.55555 0.51492 0.54261 0.59513 0.45685 0.57947 0.59544 0.59179 0.61875 0.45931 0.36302 0.55527 0.62161 0.35311 0.55997 0.66003 0.67718 0.64648 0.54295 0.51985 0.65188 0.43011 0.60701 0 0.53562 0.43428 0.73034 0.53629 0.6834 0.55254 0.51219 0.66642 0.62076 0.60499 0.51829 0.63304 0.60701
0.31875 0.25526 0.41381 0.37889 0.54205 0.29101 0.4024 0.46796 0.44568 0.26405 0.18118 0.51673 0.40244 0.20455 0.27775 0.31061 0.26002 0.16197 0.23725 0.37839 0.47917 0.45346 0.42554 0.60203 0.25704 0.24764 0.23367 0.16819 0.27502 0.29519 0.27965 0.25332 0.25456 0.28225 0.33271 0.30937 0.31833 0.27178 0.31574 0.53562 0 0.24126 0.43041 0.34909 0.2288 0.27188 0.18847 0.24182 0.35129 0.20031 0.2622 0.30418 0.24353
0.28575 0.32699 0.41348 0.40261 0.50697 0.37171 0.26695 0.42897 0.39949 0.28528 0.32221 0.38497 0.37656 0.23863 0.40887 0.35031 0.27717 0.23751 0.31379 0.40591 0.38111 0.47586 0.42747 0.58844 0.42029 0.16905 0.20188 0.24422 0.39906 0.29847 0.32919 0.38104 0.37499 0.39705 0.28004 0.3689 0.33035 0.2441 0.39427 0.43428 0.24126 0 0.46148 0.34611 0.35664 0.3257 0.21389 0.36573 0.44624 0.35332 0.34793 0.3081 0.34227
0.60893 0.49953 0.77687 0.72283 0.86244 0.2897 0.64789 0.66515 0.74233 0.61329 0.53247 0.4909 0.7072 0.45045 0.55305 0.3939 0.42633 0.48571 0.50218 0.53112 0.6439 0.57401 0.54406 0.74295 0.5494 0.45408 0.51106 0.5252 0.51753 0.64342 0.42971 0.51966 0.47527 0.50378 0.4725 0.66511 0.44371 0.50695 0.4626 0.73034 0.43041 0.46148 0 0.61043 0.41529 0.50944 0.41795 0.40772 0.50003 0.41061 0.40244 0.35531 0.47362
0.49923 0.40314 0.45575 0.42804 0.4781 0.4936 0.41113 0.58249 0.50797 0.45371 0.28249 0.62417 0.46563 0.35435 0.41965 0.43233 0.26875 0.32768 0.32803 0.38527 0.51297 0.45425 0.34312 0.68947 0.36385 0.46691 0.37264 0.3744 0.37305 0.34177 0.47581 0.41304 0.41401 0.37285 0.34652 0.29618 0.34796 0.25298 0.27287 0.53629 0.34909 0.34611 0.61043 0 0.4545 0.16594 0.29407 0.3915 0.47356 0.41391 0.40678 0.41029 0.35179
0.40999 0.20188 0.5693 0.55296 0.69779 0.2343 0.53354 0.64988 0.61985 0.44387 0.29311 0.62984 0.5642 0.28448 0.16537 0.28379 0.2585 0.24178 0.26572 0.32193 0.58789 0.49423 0.3741 0.7061 0.22939 0.3442 0.4174 0.28338 0.17613 0.48509 0.22798 0.18045 0.19581 0.19167 0.28295 0.4603 0.22775 0.38679 0.29753 0.6834 0.2288 0.35664 0.41529 0.4545 0 0.34564 0.27776 0.19632 0.29002 0.21072 0.26931 0.23161 0.17295
0.46741 0.29506 0.44099 0.42143 0.53443 0.37351 0.39447 0.54836 0.48814 0.40955 0.2724 0.59066 0.43984 0.28984 0.32159 0.35806 0.18723 0.26405 0.2576 0.32833 0.53903 0.44801 0.32219 0.69336 0.30771 0.43699 0.36033 0.2993 0.26492 0.34874 0.39739 0.33486 0.31258 0.2746 0.28512 0.29748 0.26089 0.21968 0.24096 0.55254 0.27188 0.3257 0.50944 0.16594 0.34564 0 0.23138 0.30858 0.38786 0.31789 0.33147 0.29246 0.25652
0.35633 0.29137 0.45674 0.41647 0.55143 0.28452 0.34161 0.48497 0.43702 0.3178 0.26718 0.46806 0.43074 0.26435 0.33281 0.32984 0.24366 0.20326 0.29959 0.41222 0.45786 0.46097 0.41342 0.61569 0.36096 0.26921 0.24315 0.26276 0.35876 0.37608 0.35037 0.30031 0.27158 0.31928 0.31685 0.37322 0.33207 0.21472 0.34372 0.51219 0.18847 0.21389 0.41795 0.29407 0.27776 0.23138 0 0.27715 0.3651 0.25155 0.29029 0.30653 0.28789
0.45095 0.2952 0.59534 0.57266 0.71015 0.20889 0.56978 0.65228 0.59238 0.4578 0.27108 0.66672 0.52486 0.2992 0.24234 0.27719 0.27957 0.24924 0.26366 0.2243 0.61849 0.47833 0.3352 0.73251 0.21717 0.36873 0.36285 0.36605 0.29538 0.45971 0.26827 0.1872 0.18859 0.17668 0.28173 0.39912 0.28198 0.39999 0.24732 0.66642 0.24182 0.36573 0.40772 0.3915 0.19632 0.30858 0.27715 0 0.25105 0.18247 0.29944 0.27779 0.2502
0.3959 0.32728 0.63357 0.5929 0.77687 0.23697 0.54249 0.60843 0.6277 0.46454 0.35373 0.69053 0.47742 0.26213 0.21696 0.1657 0.31517 0.28379 0.24164 0.2425 0.61469 0.42918 0.36579 0.86222 0.19714 0.45593 0.49511 0.47914 0.3323 0.49883 0.19158 0.17676 0.17811 0.18006 0.23161 0.41287 0.33503 0.47298 0.32616 0.62076 0.35129 0.44624 0.50003 0.47356 0.29002 0.38786 0.3651 0.25105 0 0.18639 0.14737 0.32471 0.21926
0.39815 0.25833 0.56674 0.53132 0.68631 0.21458 0.50804 0.51863 0.52605 0.34194 0.26446 0.58063 0.45094 0.27514 0.20564 0.16979 0.281 0.19186 0.21343 0.3306 0.53068 0.40911 0.35461 0.70326 0.22105 0.35092 0.36333 0.31955 0.26417 0.41776 0.2321 0.17989 0.14566 0.18913 0.26461 0.36169 0.24691 0.35872 0.32882 0.60499 0.20031 0.35332 0.41061 0.41391 0.21072 0.31789 0.25155 0.18247 0.18639 0 0.21723 0.29677 0.20323
0.33247 0.26842 0.53716 0.47634 0.68027 0.18832 0.43211 0.4952 0.52074 0.36899 0.28288 0.58442 0.44443 0.18393 0.22643 0.14006 0.23227 0.2532 0.21846 0.28717 0.49989 0.39167 0.34407 0.74904 0.19732 0.36045 0.37856 0.38282 0.26272 0.40386 0.18948 0.24312 0.23706 0.23862 0.20358 0.38683 0.29822 0.3785 0.32172 0.51829 0.2622 0.34793 0.40244 0.40678 0.26931 0.33147 0.29029 0.29944 0.14737 0.21723 0 0.26514 0.19527
0.37444 0.22842 0.5694 0.54849 0.68289 0.25634 0.4658 0.63798 0.60576 0.45144 0.30476 0.61991 0.54586 0.23892 0.27586 0.24723 0.23058 0.26947 0.28322 0.32987 0.53782 0.4882 0.36539 0.75483 0.31051 0.28355 0.42663 0.33242 0.25316 0.4798 0.21453 0.25214 0.23378 0.23886 0.24471 0.4554 0.22623 0.36754 0.26622 0.63304 0.30418 0.3081 0.35531 0.41029 0.23161 0.29246 0.30653 0.27779 0.32471 0.29677 0.26514 0 0.18884
0.31319 0.1793 0.5017 0.47676 0.64691 0.27667 0.43223 0.59489 0.52742 0.3879 0.22981 0.68467 0.4435 0.18183 0.12794 0.18976 0.1923 0.18841 0.18899 0.27916 0.54834 0.4441 0.31369 0.76419 0.15525 0.35721 0.42231 0.30038 0.15392 0.3938 0.19585 0.13795 0.17627 0.12854 0.17902 0.33005 0.23734 0.38986 0.23737 0.60701 0.24353 0.34227 0.47362 0.35179 0.17295 0.25652 0.28789 0.2502 0.21926 0.20323 0.19527 0.18884 0
