0.0000 16.5575 11.3121 10.9330 17.2648 23.4662 6.3235 17.2547 15.4624 8.4852 16.2832 22.1393 13.0006 13.3803 18.0708 17.1620 18.6078 12.7915 15.0400 24.6267 18.8377 25.2891 24.2871 31.3302 19.3166 12.4523 13.2684 18.5398 21.2950 11.2964 16.3451 16.9399 17.3476 19.3136 17.7231 14.9586 21.7554 17.6644 22.5806 17.0647 15.5449 12.5906 31.6753 21.8965 21.0862 21.5518 14.9379 23.0831 19.4053 20.7277 16.1988 18.9882 16.4039
16.5575 0.0000 19.8282 20.2679 24.0809 19.5911 20.6909 26.7591 24.9513 16.8659 10.7655 32.8411 26.0916 10.8440 8.8121 16.2863 8.8050 10.8478 11.3714 17.3109 27.2573 22.8514 17.4258 36.8795 14.4092 17.9998 16.8141 10.5420 8.7988 19.2025 14.2775 10.5222 10.6127 11.3240 13.6376 20.2160 12.8972 14.4673 14.4691 28.6168 12.9468 16.0387 26.4714 17.4966 10.4577 12.4959 12.4299 15.6724 17.4276 14.2556 13.8204 11.7576 9.9661
11.3121 19.8282 0.0000 5.6021 7.3129 31.3033 11.3816 14.8405 10.0219 11.6416 15.7703 23.8686 15.1534 17.9963 21.9007 25.1979 20.2488 15.8453 17.5325 24.0776 21.6218 28.3925 24.4225 24.7390 20.9387 18.7257 15.7427 16.1540 20.1686 9.3512 23.9979 22.3036 22.8054 23.0032 23.2339 14.6949 25.2842 16.7846 19.1140 13.9671 16.7097 18.3387 37.9493 19.4814 23.7630 19.4786 19.8171 24.8088 27.1287 23.9541 23.7244 25.1656 20.7624
10.9330 20.2679 5.6021 0.0000 10.1815 28.1681 10.3997 14.5514 12.4080 9.9575 14.8500 22.4419 16.6416 17.8331 21.8961 22.7135 20.1642 16.1165 16.6027 23.0723 20.1340 25.6547 22.7174 26.3448 19.9348 18.1060 13.2288 16.2218 19.9215 9.5655 23.4503 22.1765 21.4507 22.8761 22.6839 12.8738 24.6136 15.5493 19.3950 17.0284 15.6440 18.4844 35.4345 18.5743 23.7794 19.1559 18.2458 24.4324 25.4397 22.8884 20.8361 24.7107 20.4886
17.2648 24.0809 7.3129 10.1815 0.0000 36.3361 14.6763 18.5232 13.8654 15.9761 17.4109 25.7829 18.9979 23.4569 27.3054 30.3651 22.4769 21.0710 22.6710 28.1762 22.2838 30.1365 26.8822 23.6631 26.7134 21.6538 19.3422 18.8731 23.2328 11.9517 28.4698 28.9528 27.8382 29.6525 27.3228 17.9633 27.9480 17.0184 21.8074 13.7136 21.8061 21.5512 40.3475 19.9072 28.8448 23.0955 23.4425 29.0578 32.9941 28.5415 29.5898 29.2681 26.9948
23.4662 19.5911 31.3033 28.1681 36.3361 0.0000 26.9889 24.9817 30.6934 21.5856 21.0466 25.1675 30.6752 17.8390 17.0514 11.2893 17.8195 17.4284 19.2254 18.2436 30.8373 26.7405 22.3692 37.5075 17.0417 19.4439 18.7997 22.5898 20.0793 28.0198 13.7688 15.5640 12.0317 14.8244 17.6589 26.7295 15.5819 23.4479 19.7517 31.6808 15.5640 19.1573 15.6623 24.6068 12.5202 18.8151 13.9800 10.5634 12.5369 11.2319 10.2147 14.2378 14.6053
6.3235 20.6909 11.3816 10.3997 14.6763 26.9889 0.0000 13.9093 12.6624 9.6935 19.6134 18.5348 11.1817 15.6700 22.7157 18.3811 18.0923 14.3170 14.7582 24.2806 14.0767 21.7223 20.7204 25.3234 24.6425 13.5581 14.2785 19.5881 23.4718 10.7536 19.5758 22.3299 21.4922 24.5717 16.6014 13.6480 19.8638 14.0428 22.7791 14.8407 18.6283 12.1876 32.5543 19.0060 24.1873 19.4059 15.5590 25.8363 24.0405 23.0388 19.8052 21.3717 19.2658
17.2547 26.7591 14.8405 14.5514 18.5232 24.9817 13.9093 0.0000 13.9195 11.7483 25.9999 12.9513 20.6876 22.8427 29.3766 22.3265 27.7434 21.1858 22.3797 28.6837 17.3559 26.3664 28.0087 20.7652 29.2864 20.3559 16.2238 23.3527 29.3230 17.2133 25.4688 28.3475 25.4622 29.5162 26.9150 22.9204 24.0361 20.0743 31.1261 17.3837 20.8908 19.8090 31.7896 26.7623 29.4997 26.1446 21.6844 29.1164 26.2086 22.0242 21.7963 29.9286 27.4994
15.4624 24.9513 10.0219 12.4080 13.8654 30.6934 12.6624 13.9195 0.0000 11.7496 21.5051 23.0127 13.1146 23.2016 25.6647 24.9616 21.8359 17.9332 21.2089 25.9901 16.0942 23.9205 26.2618 22.4344 27.9757 21.0750 14.8386 22.2393 26.8822 16.0019 27.4009 25.6884 24.4676 27.2296 25.8976 19.5972 28.0016 16.6440 26.6846 8.6994 20.7174 19.2359 37.6160 23.1385 28.8591 23.4591 19.7605 26.6765 28.5554 23.6295 24.5174 29.1796 24.5885
8.4852 16.8659 11.6416 9.9575 15.9761 21.5856 9.6935 11.7483 11.7496 0.0000 14.9998 19.5491 14.2556 15.5090 18.2240 17.5257 17.3619 10.6991 13.6711 23.1117 16.0009 23.2179 21.9833 26.7367 19.3919 12.6036 9.1148 14.1219 19.2277 10.0218 18.4324 16.6426 15.4382 18.3270 19.4775 14.0755 17.9796 11.8192 21.9157 16.6340 10.8053 12.3143 30.4807 18.7233 19.4691 17.7728 11.8638 19.8006 19.8037 13.7500 16.4478 20.9483 17.3850
16.2832 10.7655 15.7703 14.8500 17.4109 21.0466 19.6134 25.9999 21.5051 14.9998 0.0000 33.5902 21.9172 11.4543 12.2294 17.3585 11.5643 9.1373 11.5057 15.8995 26.9304 21.4115 17.4079 37.2946 10.2086 18.4104 13.9983 13.0877 12.7300 12.0965 15.7957 11.7273 12.1138 12.4270 16.0028 12.6378 17.5606 13.2457 10.3801 25.6963 8.9971 16.3728 28.8350 10.6117 15.1791 11.5723 11.3111 13.3451 17.9094 13.8477 14.9438 16.4770 12.6350
22.1393 32.8411 23.8686 22.4419 25.7829 25.1675 18.5348 12.9513 23.0127 19.5491 33.5902 0.0000 27.3731 28.3595 37.4287 27.1409 32.1022 26.9295 29.9288 35.2123 22.9133 31.2279 33.7620 18.1460 38.0413 19.7622 20.9490 28.1222 36.7658 24.7996 29.4144 35.1297 32.7080 37.0301 30.6616 29.3559 29.0953 24.2999 37.5640 22.6882 25.8306 20.0621 23.8941 34.0036 30.3844 32.5065 24.3104 32.0907 33.6061 27.7311 29.6369 31.2045 34.5799
13.0006 26.0916 15.1534 16.6416 18.9979 30.6752 11.1817 20.6876 13.1146 14.2556 21.9172 27.3731 0.0000 19.7057 25.7497 23.8515 21.2627 16.3848 17.4430 26.6767 21.8303 25.0005 24.3079 30.9104 25.0643 21.3440 18.6436 25.4286 26.7317 13.3462 24.6205 24.2790 24.0292 24.7188 20.2939 12.4942 26.8912 18.7835 25.7839 13.1028 21.3473 19.7371 38.5345 21.2657 29.1558 21.3750 20.7086 26.2795 23.0362 22.7586 23.3559 29.0937 23.1852
13.3803 10.8440 17.9963 17.8331 23.4569 17.8390 15.6700 22.8427 23.2016 15.5090 11.4543 28.3595 19.7057 0.0000 11.8537 11.8818 12.1461 8.0370 6.9996 12.5306 24.6335 17.2020 13.8019 37.5222 11.6961 13.7485 14.7065 13.8717 13.7422 13.8806 8.4440 11.2189 13.2103 12.3301 7.6547 13.8715 14.1170 14.5981 13.0806 21.4335 11.3244 12.2711 25.2913 16.3683 14.7302 14.0292 12.5933 15.0986 12.8822 14.4719 10.2002 13.4103 9.3986
18.0708 8.8121 21.9007 21.8961 27.3054 17.0514 22.7157 29.3766 25.6647 18.2240 12.2294 37.4287 25.7497 11.8537 0.0000 14.1444 9.6938 11.0675 10.7966 15.2378 31.5845 24.3893 16.6385 41.3861 6.9115 22.5873 19.7880 14.9686 8.4548 20.9189 10.5900 5.2382 7.5117 7.5098 13.2004 18.9181 14.3305 18.3137 12.9710 30.6070 13.8261 20.0725 29.4791 18.3236 9.0508 13.7849 14.7856 13.5745 11.8232 11.6821 11.1343 14.4327 6.1448
17.1620 16.2863 25.1979 22.7135 30.3651 11.2893 18.3811 22.3265 24.9616 17.5257 17.3585 27.1409 23.8515 11.8818 14.1444 0.0000 12.6906 13.3288 11.4771 16.1511 26.9726 20.2140 16.3868 40.5505 13.1988 18.1153 19.6851 21.1753 15.6485 20.8980 9.4455 13.1839 11.7183 13.3225 9.1077 19.7059 13.2003 19.4935 16.5296 24.5282 15.8885 16.8502 20.3033 19.4929 16.4273 16.3507 15.0304 15.8801 8.9613 9.6325 6.3897 13.0498 9.8879
18.6078 8.8050 20.2488 20.1642 22.4769 17.8195 18.0923 27.7434 21.8359 17.3619 11.5643 32.1022 21.2627 12.1461 9.6938 12.6906 0.0000 9.5091 8.9894 12.4960 24.6183 18.6771 11.7381 35.3979 14.1240 18.2144 16.6216 13.5944 9.5047 18.7382 14.6166 10.9931 11.8087 11.3052 7.9897 15.2058 10.9775 11.4290 11.0375 25.4351 13.8035 13.8614 24.3638 12.0441 12.0824 8.5626 12.5639 13.0277 15.6943 13.4006 12.2778 11.8198 8.2462
12.7915 10.8478 15.8453 16.1165 21.0710 17.4284 14.3170 21.1858 17.9332 10.6991 9.1373 26.9295 16.3848 8.0370 11.0675 13.3288 9.5091 0.0000 7.8898 16.8116 21.8166 18.2677 16.3674 34.1176 13.6792 13.3018 11.6400 11.3197 13.5493 12.7981 12.6926 8.7939 10.9436 11.1700 11.9223 11.3795 13.6030 11.7101 14.1062 21.7909 6.9032 10.5857 25.9386 13.3921 13.1960 10.9207 7.6427 13.3104 15.2860 10.2766 13.0543 14.2025 9.4025
15.0400 11.3714 17.5325 16.6027 22.6710 19.2254 14.7582 22.3797 21.2089 13.6711 11.5057 29.9288 17.4430 6.9996 10.7966 11.4771 8.9894 7.8898 0.0000 12.4566 24.5084 14.8805 10.1687 36.1078 11.1524 17.9201 14.4890 13.5837 11.2532 12.3879 11.7065 10.2583 12.0063 12.0666 7.8855 10.2738 10.3311 12.6064 11.2122 22.5809 10.6820 14.2849 26.3036 12.7837 14.5211 9.8426 12.8360 14.5806 13.1179 11.2603 10.3974 14.4219 8.8970
24.6267 17.3109 24.0776 23.0723 28.1762 18.2436 24.2806 28.6837 25.9901 23.1117 15.8995 35.2123 26.6767 12.5306 15.2378 16.1511 12.4960 16.8116 12.4566 0.0000 28.7986 20.0350 11.2881 40.9119 11.6710 22.4507 18.2723 21.1552 16.0172 19.3229 14.0695 13.0785 15.6133 11.7689 10.8396 18.3315 14.9928 17.6494 9.6377 24.9769 18.4180 18.9315 27.7414 16.1939 17.3211 13.9784 19.3957 11.9531 13.0139 17.4848 13.5770 16.6219 13.4755
18.8377 27.2573 21.6218 20.1340 22.2838 30.8373 14.0767 17.3559 16.0942 16.0009 26.9304 22.9133 21.8303 24.6335 31.5845 26.9726 24.6183 21.8166 24.5084 28.7986 0.0000 12.3872 20.3100 17.3725 34.0125 18.5497 17.5285 24.6511 30.6140 19.3020 26.4481 30.2408 28.6152 32.4450 25.7681 22.4065 23.5781 16.3303 30.8471 18.5273 24.9692 19.0338 34.6908 23.5137 30.4413 26.7479 22.3107 31.7973 31.8352 27.2325 26.7072 28.6928 28.7357
25.2891 22.8514 28.3925 25.6547 30.1365 26.7405 21.7223 26.3664 23.9205 23.2179 21.4115 31.2279 25.0005 17.2020 24.3893 20.2140 18.6771 18.2677 14.8805 20.0350 12.3872 0.0000 11.0687 27.7617 24.5750 23.8613 20.4088 23.5570 23.2043 22.3307 20.4107 23.4132 24.1124 25.1540 17.9931 19.3062 18.8684 15.3876 23.0032 23.0524 21.5738 22.3178 29.2852 18.9027 26.2439 19.8889 21.4085 25.4550 22.7044 20.9353 19.0530 24.8030 22.1247
24.2871 17.4258 24.4225 22.7174 26.8822 22.3692 20.7204 28.0087 26.2618 21.9833 17.4079 33.7620 24.3079 13.8019 16.6385 16.3868 11.7381 16.3674 10.1687 11.2881 20.3100 11.0687 0.0000 32.2567 14.6568 22.0421 19.0526 20.1776 14.5815 18.1020 16.0258 16.1711 17.6247 15.2238 9.8527 15.9538 10.0469 13.6057 12.9891 24.1232 19.7608 19.3757 27.6076 13.0496 18.8523 12.8633 18.8360 16.9304 18.8871 17.3559 15.9501 17.3075 13.9417
31.3302 36.8795 24.7390 26.3448 23.6631 37.5075 25.3234 20.7652 22.4344 26.7367 37.2946 18.1460 30.9104 37.5222 41.3861 40.5505 35.3979 34.1176 36.1078 40.9119 17.3725 27.7617 32.2567 0.0000 44.8703 27.7619 26.0004 29.6298 39.6119 30.1597 39.9537 42.4503 38.8146 45.0637 39.0314 33.2222 34.3569 25.2222 41.4142 25.5313 31.2649 30.4703 38.9085 34.1879 36.3968 35.4853 30.6714 37.4534 45.0985 36.6280 39.9705 40.3197 41.0091
19.3166 14.4092 20.9387 19.9348 26.7134 17.0417 24.6425 29.2864 27.9757 19.3919 10.2086 38.0413 25.0643 11.6961 6.9115 13.1988 14.1240 13.6792 11.1524 11.6710 34.0125 24.5750 14.6568 44.8703 0.0000 23.4385 20.0699 18.6324 10.5353 16.3059 10.5919 7.6595 10.0303 6.9287 12.3113 15.1980 15.8044 20.8213 10.7065 28.2707 13.6054 21.4847 30.0858 15.7666 12.7404 13.8416 17.2422 11.5773 10.1735 12.5595 10.0091 17.3622 8.7798
12.4523 17.9998 18.7257 18.1060 21.6538 19.4439 13.5581 20.3559 21.0750 12.6036 18.4104 19.7622 21.3440 13.7485 22.5873 18.1153 18.2144 13.3018 17.9201 22.4507 18.5497 23.8613 22.0421 27.7619 23.4385 0.0000 11.7181 13.7041 22.0162 15.7015 14.8892 20.2883 19.2981 22.1888 17.1530 18.9815 17.5258 13.5360 22.8057 19.8078 13.1824 7.5406 24.2667 21.8859 17.7644 21.6769 11.6190 18.7239 23.5761 18.5826 19.6854 15.1386 19.8298
13.2684 16.8141 15.7427 13.2288 19.3422 18.7997 14.2785 16.2238 14.8386 9.1148 13.9983 20.9490 18.6436 14.7065 19.7880 19.6851 16.6216 11.6400 14.4890 18.2723 17.5285 20.4088 19.0526 26.0004 20.0699 11.7181 0.0000 12.6032 20.8271 12.7251 18.5174 17.7625 16.3933 19.5565 18.8284 17.3461 18.9630 10.5693 19.9400 18.3511 9.4486 8.8191 25.1157 17.7948 18.1630 18.0764 10.4412 14.3488 21.9926 15.3170 17.2975 19.8168 19.7242
18.5398 10.5420 16.1540 16.2218 18.8731 22.5898 19.5881 23.3527 22.2393 14.1219 13.0877 28.1222 25.4286 13.8717 14.9686 21.1753 13.5944 11.3197 13.5837 21.1552 24.6511 23.5570 20.1776 29.6298 18.6324 13.7041 12.6032 0.0000 11.1092 16.1394 16.9488 16.0289 16.3380 17.6667 19.3165 17.4896 14.6171 10.1574 17.4736 26.3589 8.1961 12.4953 28.3722 16.5739 12.8286 13.7423 11.3474 17.3067 23.6844 15.4107 20.2800 16.8039 15.1255
21.2950 8.7988 20.1686 19.9215 23.2328 20.0793 23.4718 29.3230 26.8822 19.2277 12.7300 36.7658 26.7317 13.7422 8.4548 15.6485 9.5047 13.5493 11.2532 16.0172 30.6140 23.2043 14.5815 39.6119 10.5353 22.0162 20.8271 11.1092 0.0000 19.1159 14.7698 12.3500 13.3051 10.2212 14.3954 19.4168 11.3083 15.5120 11.6426 28.5477 14.5292 20.4388 27.8968 16.0243 9.1130 11.0120 16.8079 15.7769 17.6231 14.7513 13.7596 13.5901 8.8863
11.2964 19.2025 9.3512 9.5655 11.9517 28.0198 10.7536 17.2133 16.0019 10.0218 12.0965 24.7996 13.3462 13.8806 20.9189 20.8980 18.7382 12.7981 12.3879 19.3229 19.3020 22.3307 18.1020 30.1597 16.3059 15.7015 12.7251 16.1394 19.1159 0.0000 19.4632 20.3077 21.6881 20.1232 17.7733 8.3385 20.2361 13.7809 16.1935 15.2723 14.1116 15.3684 34.0148 14.2313 23.2017 16.3443 17.7129 21.1518 23.1564 19.5705 19.8274 23.9537 19.0193
16.3451 14.2775 23.9979 23.4503 28.4698 13.7688 19.5758 25.4688 27.4009 18.4324 15.7957 29.4144 24.6205 8.4440 10.5900 9.4455 14.6166 12.6926 11.7065 14.0695 26.4481 20.4107 16.0258 39.9537 10.5919 14.8892 18.5174 16.9488 14.7698 19.4632 0.0000 10.1332 10.3475 11.3573 10.1354 20.7060 12.0542 17.8978 15.2640 24.4579 14.1599 15.6913 23.4005 22.9075 12.7926 19.4856 17.2179 14.9301 10.7633 12.7892 9.6877 11.5586 10.0720
16.9399 10.5222 22.3036 22.1765 28.9528 15.5640 22.3299 28.3475 25.6884 16.6426 11.7273 35.1297 24.2790 11.2189 5.2382 13.1839 10.9931 8.7939 10.2583 13.0785 30.2408 23.4132 16.1711 42.4503 7.6595 20.2883 17.7625 16.0289 12.3500 20.3077 10.1332 0.0000 6.6930 4.3719 12.1355 18.3690 13.6313 18.7420 11.5138 29.3154 11.9224 17.7735 27.3238 17.7628 10.0581 14.3409 12.6657 10.6005 9.6194 9.6609 11.7519 12.7302 6.1912
17.3476 10.6127 22.8054 21.4507 27.8382 12.0317 21.4922 25.4622 24.4676 15.4382 12.1138 32.7080 24.0292 13.2103 7.5117 11.7183 11.8087 10.9436 12.0063 15.6133 28.6152 24.1124 17.6247 38.8146 10.0303 19.2981 16.3933 16.3380 13.3051 21.6881 10.3475 6.6930 0.0000 8.6948 14.2586 19.0187 11.7711 16.6094 13.5188 30.3301 11.7287 17.5705 24.5349 17.7184 10.6820 12.9061 10.8701 10.4456 9.6257 7.4387 11.5237 11.5067 8.3150
19.3136 11.3240 23.0032 22.8761 29.6525 14.8244 24.5717 29.5162 27.2296 18.3270 12.4270 37.0301 24.7188 12.3301 7.5098 13.3225 11.3052 11.1700 12.0666 11.7689 32.4450 25.1540 15.2238 45.0637 6.9287 22.1888 19.5565 17.6667 10.2212 20.1232 11.3573 4.3719 8.6948 0.0000 12.5146 19.0155 13.1428 19.8415 10.1544 29.3398 14.2705 19.4354 27.2608 16.2307 10.9018 11.6528 14.7185 9.8168 10.2039 10.6390 12.1938 12.8269 6.1281
17.7231 13.6376 23.2339 22.6839 27.3228 17.6589 16.6014 26.9150 25.8976 19.4775 16.0028 30.6616 20.2939 7.6547 13.2004 9.1077 7.9897 11.9223 7.8855 10.8396 25.7681 17.9931 9.8527 39.0314 12.3113 17.1530 18.8284 19.3165 14.3954 17.7733 10.1354 12.1355 14.2586 12.5146 0.0000 15.0810 11.3022 15.9953 12.2033 23.5204 16.8622 13.0836 25.3727 15.3775 15.2638 12.9608 15.0244 14.8146 12.0078 14.3997 10.1601 12.6472 8.7475
14.9586 20.2160 14.6949 12.8738 17.9633 26.7295 13.6480 22.9204 19.5972 14.0755 12.6378 29.3559 12.4942 13.8715 18.9181 19.7059 15.2058 11.3795 10.2738 18.3315 22.4065 19.3062 15.9538 33.2222 15.1980 18.9815 17.3461 17.4896 19.4168 8.3385 20.7060 18.3690 19.0187 19.0155 15.0810 0.0000 18.4826 13.0065 16.4313 21.4667 14.6077 17.6926 34.8521 10.3421 24.1880 11.8322 16.2621 20.1370 20.5882 18.7287 19.1342 23.5933 17.2231
21.7554 12.8972 25.2842 24.6136 27.9480 15.5819 19.8638 24.0361 28.0016 17.9796 17.5606 29.0953 26.8912 14.1170 14.3305 13.2003 10.9775 13.6030 10.3311 14.9928 23.5781 18.8684 10.0469 34.3569 15.8044 17.5258 18.9630 14.6171 11.3083 20.2361 12.0542 13.6313 11.7711 13.1428 11.3022 18.4826 0.0000 13.1855 14.4141 29.0278 14.9638 15.1109 22.8091 14.7243 11.8349 10.5700 15.0856 15.1884 18.5969 12.7757 14.9505 10.6092 11.2165
17.6644 14.4673 16.7846 15.5493 17.0184 23.4479 14.0428 20.0743 16.6440 11.8192 13.2457 24.2999 18.7835 14.5981 18.3137 19.4935 11.4290 11.7101 12.6064 17.6494 16.3303 15.3876 13.6057 25.2222 20.8213 13.5360 10.5693 10.1574 15.5120 13.7809 17.8978 18.7420 16.6094 19.8415 15.9953 13.0065 13.1855 0.0000 17.3652 19.4514 12.5160 11.3980 27.4273 13.2312 17.6687 11.8084 11.4030 18.1334 22.9584 15.9633 18.9711 17.9818 18.0371
22.5806 14.4691 19.1140 19.3950 21.8074 19.7517 22.7791 31.1261 26.6846 21.9157 10.3801 37.5640 25.7839 13.0806 12.9710 16.5296 11.0375 14.1062 11.2122 9.6377 30.8471 23.0032 12.9891 41.4142 10.7065 22.8057 19.9400 17.4736 11.6426 16.1935 15.2640 11.5138 13.5188 10.1544 12.2033 16.4313 14.4141 17.3652 0.0000 28.0549 15.8286 20.0516 25.6438 11.5279 14.2431 10.9841 17.8207 11.1011 16.2235 15.8280 16.5394 13.0858 10.1245
17.0647 28.6168 13.9671 17.0284 13.7136 31.6808 14.8407 17.3837 8.6994 16.6340 25.6963 22.6882 13.1028 21.4335 30.6070 24.5282 25.4351 21.7909 22.5809 24.9769 18.5273 23.0524 24.1232 25.5313 28.2707 19.8078 18.3511 26.3589 28.5477 15.2723 24.4579 29.3154 30.3301 29.3398 23.5204 21.4667 29.0278 19.4514 28.0549 0.0000 24.9466 20.4618 36.2976 26.2717 31.4128 27.8119 24.8510 29.9082 27.4403 26.9672 23.4059 29.9613 27.8379
15.5449 12.9468 16.7097 15.6440 21.8061 15.5640 18.6283 20.8908 20.7174 10.8053 8.9971 25.8306 21.3473 11.3244 13.8261 15.8885 13.8035 6.9032 10.6820 18.4180 24.9692 21.5738 19.7608 31.2649 13.6054 13.1824 9.4486 8.1961 14.5292 14.1116 14.1599 11.9224 11.7287 14.2705 16.8622 14.6077 14.9638 12.5160 15.8286 24.9466 0.0000 12.3059 24.2563 16.4072 11.1591 13.3611 8.4545 11.4631 17.8254 9.7455 14.4828 16.9524 12.8794
12.5906 16.0387 18.3387 18.4844 21.5512 19.1573 12.1876 19.8090 19.2359 12.3143 16.3728 20.0621 19.7371 12.2711 20.0725 16.8502 13.8614 10.5857 14.2849 18.9315 19.0338 22.3178 19.3757 30.4703 21.4847 7.5406 8.8191 12.4953 20.4388 15.3684 15.6913 17.7735 17.5705 19.4354 13.0836 17.6926 15.1109 11.3980 20.0516 20.4618 12.3059 0.0000 25.1301 16.8720 17.0282 17.3547 10.3377 17.0673 21.9975 17.1171 18.4694 15.5233 16.9852
31.6753 26.4714 37.9493 35.4345 40.3475 15.6623 32.5543 31.7896 37.6160 30.4807 28.8350 23.8941 38.5345 25.2913 29.4791 20.3033 24.3638 25.9386 26.3036 27.7414 34.6908 29.2852 27.6076 38.9085 30.0858 24.2667 25.1157 28.3722 27.8968 34.0148 23.4005 27.3238 24.5349 27.2608 25.3727 34.8521 22.8091 27.4273 25.6438 36.2976 24.2563 25.1301 0.0000 32.4179 21.7864 27.9315 22.6357 21.0098 26.9600 21.5081 22.7324 19.7050 25.5763
21.8965 17.4966 19.4814 18.5743 19.9072 24.6068 19.0060 26.7623 23.1385 18.7233 10.6117 34.0036 21.2657 16.3683 18.3236 19.4929 12.0441 13.3921 12.7837 16.1939 23.5137 18.9027 13.0496 34.1879 15.7666 21.8859 17.7948 16.5739 16.0243 14.2313 22.9075 17.7628 17.7184 16.2307 15.3775 10.3421 14.7243 13.2312 11.5279 26.2717 16.4072 16.8720 32.4179 0.0000 20.9880 8.0206 15.1299 16.8440 22.1032 18.5603 19.8631 19.8286 15.0466
21.0862 10.4577 23.7630 23.7794 28.8448 12.5202 24.1873 29.4997 28.8591 19.4691 15.1791 30.3844 29.1558 14.7302 9.0508 16.4273 12.0824 13.1960 14.5211 17.3211 30.4413 26.2439 18.8523 36.3968 12.7404 17.7644 18.1630 12.8286 9.1130 23.2017 12.7926 10.0581 10.6820 10.9018 15.2638 24.1880 11.8349 17.6687 14.2431 31.4128 11.1591 17.0282 21.7864 20.9880 0.0000 15.7115 12.0203 11.2592 16.5230 12.1736 14.0476 12.2145 9.0017
21.5518 12.4959 19.4786 19.1559 23.0955 18.8151 19.4059 26.1446 23.4591 17.7728 11.5723 32.5065 21.3750 14.0292 13.7849 16.3507 8.5626 10.9207 9.8426 13.9784 26.7479 19.8889 12.8633 35.4853 13.8416 21.6769 18.0764 13.7423 11.0120 16.3443 19.4856 14.3409 12.9061 11.6528 12.9608 11.8322 10.5700 11.8084 10.9841 27.8119 13.3611 17.3547 27.9315 8.0206 15.7115 0.0000 12.8968 13.0914 18.2541 14.1344 16.7209 14.1623 10.8112
14.9379 12.4299 19.8171 18.2458 23.4425 13.9800 15.5590 21.6844 19.7605 11.8638 11.3111 24.3104 20.7086 12.5933 14.7856 15.0304 12.5639 7.6427 12.8360 19.3957 22.3107 21.4085 18.8360 30.6714 17.2422 11.6190 10.4412 11.3474 16.8079 17.7129 17.2179 12.6657 10.8701 14.7185 15.0244 16.2621 15.0856 11.4030 17.8207 24.8510 8.4545 10.3377 22.6357 15.1299 12.0203 12.8968 0.0000 11.6250 17.4376 10.4515 14.5908 15.1995 12.8451
23.0831 15.6724 24.8088 24.4324 29.0578 10.5634 25.8363 29.1164 26.6765 19.8006 13.3451 32.0907 26.2795 15.0986 13.5745 15.8801 13.0277 13.3104 14.5806 11.9531 31.7973 25.4550 16.9304 37.4534 11.5773 18.7239 14.3488 17.3067 15.7769 21.1518 14.9301 10.6005 10.4456 9.8168 14.8146 20.1370 15.1884 18.1334 11.1011 29.9082 11.4631 17.0673 21.0098 16.8440 11.2592 13.0914 11.6250 0.0000 14.3686 10.0275 15.3827 14.5616 13.1319
19.4053 17.4276 27.1287 25.4397 32.9941 12.5369 24.0405 26.2086 28.5554 19.8037 17.9094 33.6061 23.0362 12.8822 11.8232 8.9613 15.6943 15.2860 13.1179 13.0139 31.8352 22.7044 18.8871 45.0985 10.1735 23.5761 21.9926 23.6844 17.6231 23.1564 10.7633 9.6194 9.6257 10.2039 12.0078 20.5882 18.5969 22.9584 16.2235 27.4403 17.8254 21.9975 26.9600 22.1032 16.5230 18.2541 17.4376 14.3686 0.0000 9.8853 6.4474 17.5562 10.9941
20.7277 14.2556 23.9541 22.8884 28.5415 11.2319 23.0388 22.0242 23.6295 13.7500 13.8477 27.7311 22.7586 14.4719 11.6821 9.6325 13.4006 10.2766 11.2603 17.4848 27.2325 20.9353 17.3559 36.6280 12.5595 18.5826 15.3170 15.4107 14.7513 19.5705 12.7892 9.6609 7.4387 10.6390 14.3997 18.7287 12.7757 15.9633 15.8280 26.9672 9.7455 17.1171 21.5081 18.5603 12.1736 14.1344 10.4515 10.0275 9.8853 0.0000 11.1050 16.2751 11.2086
16.1988 13.8204 23.7244 20.8361 29.5898 10.2147 19.8052 21.7963 24.5174 16.4478 14.9438 29.6369 23.3559 10.2002 11.1343 6.3897 12.2778 13.0543 10.3974 13.5770 26.7072 19.0530 15.9501 39.9705 10.0091 19.6854 17.2975 20.2800 13.7596 19.8274 9.6877 11.7519 11.5237 12.1938 10.1601 19.1342 14.9505 18.9711 16.5394 23.4059 14.4828 18.4694 22.7324 19.8631 14.0476 16.7209 14.5908 15.3827 6.4474 11.1050 0.0000 15.0277 9.8772
18.9882 11.7576 25.1656 24.7107 29.2681 14.2378 21.3717 29.9286 29.1796 20.9483 16.4770 31.2045 29.0937 13.4103 14.4327 13.0498 11.8198 14.2025 14.4219 16.6219 28.6928 24.8030 17.3075 40.3197 17.3622 15.1386 19.8168 16.8039 13.5901 23.9537 11.5586 12.7302 11.5067 12.8269 12.6472 23.5933 10.6092 17.9818 13.0858 29.9613 16.9524 15.5233 19.7050 19.8286 12.2145 14.1623 15.1995 14.5616 17.5562 16.2751 15.0277 0.0000 10.0425
16.4039 9.9661 20.7624 20.4886 26.9948 14.6053 19.2658 27.4994 24.5885 17.3850 12.6350 34.5799 23.1852 9.3986 6.1448 9.8879 8.2462 9.4025 8.8970 13.4755 28.7357 22.1247 13.9417 41.0091 8.7798 19.8298 19.7242 15.1255 8.8863 19.0193 10.0720 6.1912 8.3150 6.1281 8.7475 17.2231 11.2165 18.0371 10.1245 27.8379 12.8794 16.9852 25.5763 15.0466 9.0017 10.8112 12.8451 13.1319 10.9941 11.2086 9.8772 10.0425 0.0000
