0.0000 16.5621 11.1840 10.8437 17.1271 14.8273 24.4362 23.6199 12.9525 6.3751 17.3719 15.5188 8.3992 16.1328 22.3256 12.9340 13.4372 18.1859 17.2567 19.4580 18.7041 12.7778 15.0101 24.7551 19.0684 25.5730 24.4038 31.4356 19.3114 12.4977 13.3116 18.4792 21.3251 11.1132 16.4906 16.9801 17.3582 19.3108 17.8371 14.8467 21.8111 19.2315 19.6801 16.7711 17.6766 22.4607 17.1740 15.4763 12.7010 31.9485 21.7083 21.1533 21.4745 14.9099 23.0854 19.4958 20.6871 16.3367 19.7307 18.9584 16.4570
16.5621 0.0000 19.8171 20.3075 24.0331 11.5062 17.4550 19.7040 17.1427 20.7569 27.0213 25.1451 16.9413 10.6589 33.0592 26.0904 10.9359 8.9327 16.3178 12.4566 8.8549 10.8622 11.4059 17.5535 27.5797 23.2037 17.6379 37.0849 14.4615 18.0060 17.0244 10.5102 8.8104 19.1439 14.3660 10.6084 10.6466 11.3910 13.7447 20.1640 13.0002 28.1055 8.7193 25.0118 14.5677 14.4156 28.8280 12.9309 16.1452 26.7020 17.4299 10.5221 12.4623 12.4892 15.7249 17.5197 14.2714 13.9797 14.2065 11.6562 10.0249
11.1840 19.8171 0.0000 5.6621 7.3040 20.7534 23.7497 31.3390 17.3296 11.2754 14.9346 10.0748 11.6177 15.8210 23.8408 15.0856 18.0187 22.0401 25.1467 22.8945 20.3012 15.8045 17.5691 24.3680 21.7961 28.7096 24.6621 24.8319 21.1492 18.6359 15.8325 16.1857 20.3188 9.3831 23.9957 22.3658 22.8145 23.0721 23.2590 14.7805 25.3089 17.6370 19.0686 11.5084 16.8548 19.1907 14.0601 16.7569 18.2932 38.0891 19.4902 23.8067 19.5234 19.7806 24.8886 27.2031 23.9577 23.8233 22.9745 24.9704 20.7621
10.8437 20.3075 5.6621 0.0000 10.2523 18.0320 22.1730 28.1012 15.0935 10.2895 14.5450 12.4268 9.9294 14.9759 22.3747 16.6132 17.9161 22.0662 22.6356 22.7803 20.2509 16.1356 16.6701 23.3243 20.2197 25.9077 22.8943 26.3681 20.1954 18.0202 13.2457 16.2933 20.1062 9.6720 23.4855 22.2665 21.4634 22.9729 22.7821 13.0397 24.6384 18.0559 17.9732 12.1332 15.6238 19.5381 17.0918 15.7240 18.4913 35.5027 18.6368 23.8519 19.2208 18.1935 24.5684 25.5280 22.9248 20.8809 22.8604 24.5173 20.5194
17.1271 24.0331 7.3040 10.2523 0.0000 26.6164 26.7186 36.3515 20.6630 14.4851 18.6015 13.8457 15.9474 17.5206 25.7114 18.8438 23.4455 27.4161 30.3145 27.9575 22.3996 21.0198 22.6761 28.3658 22.3771 30.3787 27.0441 23.6243 26.9512 21.5093 19.3421 18.8947 23.3694 12.0412 28.4864 29.0163 27.8270 29.7226 27.2655 18.0181 27.9435 19.8474 20.3245 11.8183 16.9920 21.8951 13.6932 21.8523 21.4154 40.4300 19.9373 28.8837 23.0780 23.3510 29.0785 33.0536 28.5554 29.6737 28.6845 29.0550 27.0050
14.8273 11.5062 20.7534 18.0320 26.6164 0.0000 11.7251 13.5211 16.1800 17.8111 25.3475 23.1326 15.6818 11.7440 31.7496 19.5173 7.3865 9.3745 9.1515 12.7641 10.2334 8.8118 7.1492 12.0874 27.1544 18.4725 12.2647 39.8114 8.8858 18.1117 15.2898 18.1682 13.5523 16.6406 10.7558 8.4391 8.7959 8.7758 7.8648 13.5635 13.9659 25.9105 12.3911 24.0542 17.0309 12.8602 24.1589 12.9900 16.8840 23.6318 15.5985 14.4144 11.8465 10.3623 11.8682 9.0959 10.3864 6.6995 9.6450 12.5224 7.4357
24.4362 17.4550 23.7497 22.1730 26.7186 11.7251 0.0000 12.0049 19.0917 24.8612 26.9171 24.5730 19.0075 12.7510 31.2389 24.1438 16.3841 15.3991 13.7057 13.6414 12.7872 14.0382 14.3236 11.5706 29.4646 23.1913 15.6128 36.7101 11.9614 18.9936 14.6835 18.1204 16.8299 19.2695 15.7723 13.0237 9.5922 11.3412 14.8756 18.0806 14.9171 22.8378 11.1296 28.4231 16.0811 10.8605 26.8790 11.9034 18.0940 22.1242 14.5528 14.0847 12.1749 12.0922 6.3844 13.0324 8.3319 13.9114 12.0990 16.6002 14.3032
23.6199 19.7040 31.3390 28.1012 36.3515 13.5211 12.0049 0.0000 19.9341 27.1224 25.0055 30.8715 21.6251 21.0094 25.3606 30.7674 17.9202 17.1880 11.2677 12.0472 17.9929 17.5424 19.2172 18.2977 31.0890 26.9752 22.4143 37.6856 17.0040 19.5417 18.8739 22.6478 20.1196 27.9536 13.8094 15.6719 12.1034 14.8751 17.7524 26.7000 15.6060 28.4061 18.2395 36.2322 23.5593 19.7176 31.8320 15.5948 19.3688 15.9198 24.5636 12.6511 18.8345 14.0937 10.6445 12.5462 11.2344 10.1905 13.5899 14.2667 14.7056
12.9525 17.1427 17.3296 15.0935 20.6630 16.1800 19.0917 19.9341 0.0000 13.4788 17.0699 16.1988 10.5250 17.5248 21.7292 17.8713 17.8534 19.1690 14.0448 17.2551 16.2007 10.9382 17.4649 25.5129 18.7727 23.4597 24.9637 29.0610 23.6777 12.7665 13.6029 15.6231 21.0771 16.4062 19.4754 19.0921 15.8631 21.1718 19.9945 16.2731 21.7951 19.2695 19.0964 23.2864 13.2087 23.9002 20.7041 14.6464 13.9083 27.3135 20.4281 20.6225 17.9330 12.2800 22.0031 18.8847 14.0659 16.9041 19.6065 19.2694 17.7605
6.3751 20.7569 11.2754 10.2895 14.4851 17.8111 24.8612 27.1224 13.4788 0.0000 14.0629 12.6406 9.6924 19.4648 18.6704 11.1045 15.7422 22.9025 18.4929 20.1751 18.1129 14.3394 14.7799 24.2999 14.2653 21.9690 20.7998 25.3626 24.7197 13.5771 14.2310 19.5809 23.5975 10.6368 19.7653 22.4439 21.5608 24.6376 16.7074 13.5546 19.9487 15.9982 22.8906 13.6159 13.9943 22.6306 14.8846 18.6189 12.2405 32.7451 18.7972 24.3394 19.3234 15.5224 25.8195 24.2017 23.0924 19.9516 22.1084 21.3249 19.3858
17.3719 27.0213 14.9346 14.5450 18.6015 25.3475 26.9171 25.0055 17.0699 14.0629 0.0000 14.1489 11.8955 26.1329 12.8907 20.8159 23.0581 29.7323 22.3892 24.8623 28.0000 21.3984 22.6103 28.9188 17.7131 26.7322 28.3190 20.9554 29.4924 20.4434 16.3492 23.5357 29.6112 17.3165 25.6410 28.5984 25.6936 29.6970 27.1321 23.1040 24.2864 17.3523 28.2850 20.3141 20.3303 31.2653 17.5240 21.0537 19.9863 31.8743 26.8709 29.7558 26.3250 21.8595 29.3331 26.3481 22.2119 21.9087 29.5117 29.9694 27.7405
15.5188 25.1451 10.0748 12.4268 13.8457 23.1326 24.5730 30.8715 16.1988 12.6406 14.1489 0.0000 11.9420 21.5790 23.1175 13.2076 23.3686 26.0217 25.0628 25.1959 22.0057 18.1090 21.4027 26.1295 16.1642 24.1102 26.4565 22.5453 28.2684 21.0743 14.9030 22.4211 27.1874 16.0760 27.6094 25.9708 24.6780 27.4890 26.0414 19.7133 28.2076 17.5252 25.1442 18.7764 16.7672 26.7391 8.7084 20.9225 19.2643 37.8316 23.0837 29.1131 23.5784 19.8510 26.8488 28.8115 23.8924 24.7292 26.8924 29.1360 24.7996
8.3992 16.9413 11.6177 9.9294 15.9474 15.6818 19.0075 21.6251 10.5250 9.6924 11.8955 11.9420 0.0000 14.9562 19.6791 14.2465 15.5842 18.4326 17.4976 16.1934 17.5092 10.8015 13.7502 23.3283 16.2560 23.6019 22.2072 26.9472 19.4536 12.5510 9.2256 14.1675 19.3429 9.9676 18.4806 16.7485 15.4767 18.3683 19.5877 14.1018 18.0394 14.2491 17.9779 16.7759 11.9699 21.9143 16.7700 10.8297 12.3607 30.6731 18.6566 19.5719 17.8074 11.8948 19.8988 19.8600 13.8138 16.5212 19.1766 20.8205 17.4584
16.1328 10.6589 15.8210 14.9759 17.5206 11.7440 12.7510 21.0094 17.5248 19.4648 26.1329 21.5790 14.9562 0.0000 33.6267 21.7808 11.3172 12.2772 17.2384 13.6857 11.5222 8.9873 11.4591 16.0797 27.0253 21.5888 17.5125 37.3942 10.3243 18.1910 14.0678 13.0620 12.7337 12.1400 15.7053 11.6838 12.0442 12.3902 15.8951 12.6509 17.5097 23.2470 7.3413 19.1675 13.2507 10.3923 25.7693 8.9281 16.2589 28.8536 10.6274 15.0924 11.5483 11.1597 13.3121 17.8884 13.7663 14.9576 14.8501 16.2006 12.5281
22.3256 33.0592 23.8408 22.3747 25.7114 31.7496 31.2389 25.3606 21.7292 18.6704 12.8907 23.1175 19.6791 33.6267 0.0000 27.4451 28.5361 37.7812 27.3188 26.7586 32.3061 27.1143 30.0688 35.3321 23.1798 31.4915 33.9286 18.1826 38.2114 19.9758 20.9866 28.2946 37.0316 24.7923 29.7145 35.4096 32.9495 37.2262 30.8472 29.3921 29.3179 21.2949 34.9134 29.2708 24.4442 37.6002 22.7908 26.0020 20.2750 24.0950 33.9469 30.7391 32.5388 24.4758 32.2309 33.8461 27.9478 29.8291 35.6844 31.3581 34.8531
12.9340 26.0904 15.0856 16.6132 18.8438 19.5173 24.1438 30.7674 17.8713 11.1045 20.8159 13.2076 14.2465 21.7808 27.4451 0.0000 19.6659 25.9070 23.8830 24.7251 21.2923 16.3728 17.4232 26.7186 21.9778 25.2345 24.4012 30.9664 25.1352 21.2403 18.6005 25.3945 26.8619 13.2119 24.6518 24.3643 24.0549 24.7944 20.2837 12.4282 26.8683 17.7267 26.1502 14.8735 18.7898 25.6301 13.2392 21.2982 19.6460 38.6605 21.0776 29.2550 21.3545 20.6782 26.2421 23.1794 22.7961 23.4920 22.9984 28.9524 23.2434
13.4372 10.9359 18.0187 17.9161 23.4455 7.3865 16.3841 17.9202 17.8534 15.7422 23.0581 23.3686 15.5842 11.3172 28.5361 19.6659 0.0000 12.0392 11.8869 14.3699 12.2324 8.0210 7.0355 12.6354 24.9399 17.5182 13.9448 37.7541 11.7086 13.7060 14.8452 13.9088 13.8588 13.7638 8.4602 11.2993 13.3119 12.3498 7.6720 13.7944 14.2146 26.7539 14.8419 20.9681 14.7101 12.9960 21.5579 11.2823 12.3248 25.4826 16.2525 14.8586 14.0130 12.6391 15.0621 12.9450 14.4779 10.3189 13.0556 13.3361 9.4741
18.1859 8.9327 22.0401 22.0662 27.4161 9.3745 15.3991 17.1880 19.1690 22.9025 29.7323 26.0217 18.4326 12.2772 37.7812 25.9070 12.0392 0.0000 14.2229 12.3236 9.8946 11.2304 10.9517 15.5611 32.0377 24.8762 16.9486 41.7298 6.8923 22.7281 20.1683 15.0485 8.4131 21.0020 10.6127 5.3167 7.5893 7.5681 13.3945 19.0258 14.4456 30.3392 11.6228 26.4973 18.5757 13.0105 30.9541 13.9073 20.3207 29.8215 18.4281 9.0395 13.9280 15.0023 13.7551 11.9465 11.7854 11.2911 9.6938 14.4346 6.1957
17.2567 16.3178 25.1467 22.6356 30.3145 9.1515 13.7057 11.2677 14.0448 18.4929 22.3892 25.0628 17.4976 17.2384 27.3188 23.8830 11.8869 14.2229 0.0000 14.7370 12.7743 13.3315 11.4072 16.1394 27.2278 20.4634 16.4197 40.6991 13.1224 18.1373 19.7186 21.1312 15.6694 20.7570 9.4509 13.1788 11.6818 13.2564 9.1964 19.6073 13.1670 29.5089 16.8601 28.4222 19.5310 16.3940 24.6352 15.7844 16.9894 20.4812 19.3777 16.4710 16.2898 15.0450 15.8139 8.9653 9.5443 6.3779 11.7924 13.0064 9.9190
19.4580 12.4566 22.8945 22.7803 27.9575 12.7641 13.6414 12.0472 17.2551 20.1751 24.8623 25.1959 16.1934 13.6857 26.7586 24.7251 14.3699 12.3236 14.7370 0.0000 12.9493 9.6975 11.1131 20.3719 28.4295 24.9889 18.8670 33.6241 15.3972 16.6499 15.9881 12.5407 13.8722 20.0270 14.8166 11.7811 9.7258 13.4204 15.2034 19.0994 11.1357 20.8529 14.2900 26.3897 15.9901 16.7853 30.6101 8.7076 14.1722 22.2194 17.2312 8.6627 12.7644 7.9370 11.3084 17.9201 9.7609 15.6250 12.8846 14.5758 10.8974
18.7041 8.8549 20.3012 20.2509 22.3996 10.2334 12.7872 17.9929 16.2007 18.1129 28.0000 22.0057 17.5092 11.5222 32.3061 21.2923 12.2324 9.8946 12.7743 12.9493 0.0000 9.5975 9.0138 12.6258 24.8186 18.9182 11.8233 35.4431 14.2908 18.2205 16.7687 13.6473 9.6354 18.7253 14.7493 11.1878 11.8695 11.4857 8.0034 15.1087 10.9719 25.8038 8.7891 22.8276 11.4242 10.9671 25.6557 13.8779 13.9305 24.5795 11.9140 12.2693 8.5155 12.6437 13.0949 15.8887 13.5007 12.4948 9.5944 11.7453 8.3961
12.7778 10.8622 15.8045 16.1356 21.0198 8.8118 14.0382 17.5424 10.9382 14.3394 21.3984 18.1090 10.8015 8.9873 27.1143 16.3728 8.0210 11.2304 13.3315 9.6975 9.5975 0.0000 7.8829 16.9535 22.0887 18.5622 16.5013 34.3215 13.7005 13.2889 11.7832 11.3160 13.6047 12.6740 12.7023 8.8876 11.0004 11.2074 11.9650 11.2875 13.6378 19.7762 12.9992 20.6566 11.8008 13.9703 21.9632 6.8574 10.6548 26.1174 13.2562 13.2939 10.8693 7.7068 13.3270 15.3995 10.3242 13.1843 10.6132 14.0702 9.4473
15.0101 11.4059 17.5691 16.6701 22.6761 7.1492 14.3236 19.2172 17.4649 14.7799 22.6103 21.4027 13.7502 11.4591 30.0688 17.4232 7.0355 10.9517 11.4072 11.1131 9.0138 7.8829 0.0000 12.5721 24.7592 15.1807 10.3254 36.3406 11.2102 17.8516 14.6500 13.6579 11.3898 12.3519 11.6678 10.3052 12.0032 12.0697 7.8948 10.2326 10.3265 23.5844 12.4961 17.4644 12.7338 11.1333 22.7180 10.6863 14.3098 26.4049 12.7204 14.5880 9.8456 12.8623 14.6135 13.1370 11.2730 10.4501 10.7040 14.2211 8.9146
24.7551 17.5535 24.3680 23.3243 28.3658 12.0874 11.5706 18.2977 25.5129 24.2999 28.9188 26.1295 23.3283 16.0797 35.3321 26.7186 12.6354 15.5611 16.1394 20.3719 12.6258 16.9535 12.5721 0.0000 28.9190 20.1918 11.3776 41.1141 11.9429 22.4289 18.4182 21.4634 16.3892 19.4646 14.1486 13.2767 15.7824 11.9854 10.8144 18.4206 15.0983 31.3174 14.7839 26.0429 17.8025 9.7389 25.0345 18.6570 18.9321 27.9221 16.2239 17.5815 14.1532 19.5015 12.0703 13.0801 17.6252 13.6736 11.8947 16.6047 13.6637
19.0684 27.5797 21.7961 20.2197 22.3771 27.1544 29.4646 31.0890 18.7727 14.2653 17.7131 16.1642 16.2560 27.0253 23.1798 21.9778 24.9399 32.0377 27.2278 28.4295 24.8186 22.0887 24.7592 28.9190 0.0000 12.4448 20.3651 17.4631 34.3268 18.7290 17.5646 24.9160 30.9836 19.4341 26.8446 30.6103 28.9152 32.7658 25.9778 22.5024 23.8403 17.0009 30.3771 22.4190 16.4554 30.9386 18.6661 25.2015 19.1675 35.0093 23.5169 30.8530 26.8738 22.5096 31.9758 32.2033 27.5360 27.0509 31.1701 28.8321 29.1096
25.5730 23.2037 28.7096 25.9077 30.3787 18.4725 23.1913 26.9752 23.4597 21.9690 26.7322 24.1102 23.6019 21.5888 31.4915 25.2345 17.5182 24.8762 20.4634 24.9889 18.9182 18.5622 15.1807 20.1918 12.4448 0.0000 11.1921 27.8858 24.9533 24.0436 20.6012 23.9335 23.6690 22.5721 20.7623 23.8115 24.4288 25.5238 18.1970 19.4685 19.1419 27.2245 24.3158 25.4449 15.6426 23.1751 23.2773 21.8669 22.5029 29.5236 19.0397 26.6705 20.1051 21.6564 25.7026 23.0901 21.2987 19.4030 24.1581 24.9301 22.4911
24.4038 17.6379 24.6621 22.8943 27.0441 12.2647 15.6128 22.4143 24.9637 20.7998 28.3190 26.4565 22.2072 17.5125 33.9286 24.4012 13.9448 16.9486 16.4197 18.8670 11.8233 16.5013 10.3254 11.3776 20.3651 11.1921 0.0000 32.2962 14.9124 22.0378 19.1446 20.4364 14.9507 18.2463 16.1381 16.3737 17.7795 15.4259 9.8593 16.0382 10.1622 27.3216 17.1936 21.5392 13.7555 13.0576 24.3022 19.9251 19.4067 27.7393 13.1042 19.0955 13.0156 18.9365 17.0217 19.0542 17.5099 16.0972 15.2461 17.2607 14.1225
31.4356 37.0849 24.8319 26.3681 23.6243 39.8114 36.7101 37.6856 29.0610 25.3626 20.9554 22.5453 26.9472 37.3942 18.1826 30.9664 37.7541 41.7298 40.6991 33.6241 35.4431 34.3215 36.3406 41.1141 17.4631 27.8858 32.2962 0.0000 45.2011 27.8794 26.0593 29.8702 39.9093 30.3084 40.2452 42.7541 39.0742 45.3155 39.1456 33.3337 34.5837 17.4770 36.9842 28.7949 25.2620 41.5153 25.6173 31.5635 30.5310 39.0931 34.2067 36.7221 35.5827 30.8183 37.6546 45.3712 36.9209 40.2188 44.3379 40.3505 41.2636
19.3114 14.4615 21.1492 20.1954 26.9512 8.8858 11.9614 17.0040 23.6777 24.7197 29.4924 28.2684 19.4536 10.3243 38.2114 25.1352 11.7086 6.8923 13.1224 15.3972 14.2908 13.7005 11.2102 11.9429 34.3268 24.9533 14.9124 45.2011 0.0000 23.3959 20.3346 18.7414 10.5541 16.4199 10.4253 7.6177 10.0113 6.8903 12.3391 15.3719 15.7880 30.6211 11.4234 24.4541 21.0577 10.7980 28.5080 13.6376 21.5497 30.2693 15.9472 12.6190 14.0369 17.3200 11.6730 10.1365 12.5139 10.0085 9.8901 17.2467 8.7383
12.4977 18.0060 18.6359 18.0202 21.5093 18.1117 18.9936 19.5417 12.7665 13.5771 20.4434 21.0743 12.5510 18.1910 19.9758 21.2403 13.7060 22.7281 18.1373 16.6499 18.2205 13.2889 17.8516 22.4289 18.7290 24.0436 22.0378 27.8794 23.3959 0.0000 11.6523 13.6896 22.0644 15.5044 15.0342 20.3565 19.3223 22.1731 17.1667 18.8133 17.5673 20.7200 20.0565 23.9185 13.4418 22.6225 19.8296 13.1296 7.5551 24.4809 21.5722 17.9019 21.5191 11.5504 18.6101 23.6070 18.5487 19.7186 21.5039 15.1138 19.8892
13.3116 17.0244 15.8325 13.2457 19.3421 15.2898 14.6835 18.8739 13.6029 14.2310 16.3492 14.9030 9.2256 14.0678 20.9866 18.6005 14.8452 20.1683 19.7186 15.9881 16.7687 11.7832 14.6500 18.4182 17.5646 20.6012 19.1446 26.0593 20.3346 11.6523 0.0000 12.8073 21.1215 12.6917 18.7062 18.0523 16.6225 19.7750 18.9135 17.3823 19.1108 16.6457 15.7635 21.9762 10.6513 19.9851 18.3462 9.6433 8.7941 25.2292 17.6901 18.4337 18.1531 10.4907 14.4895 22.2111 15.5187 17.4746 20.3085 19.7939 19.9315
18.4792 10.5102 16.1857 16.2933 18.8947 18.1682 18.1204 22.6478 15.6231 19.5809 23.5357 22.4211 14.1675 13.0620 28.2946 25.3945 13.9088 15.0485 21.1312 12.5407 13.6473 11.3160 13.6579 21.4634 24.9160 23.9335 20.4364 29.8702 18.7414 13.6896 12.8073 0.0000 11.1473 16.1431 16.9485 16.0907 16.3717 17.6792 19.3940 17.5008 14.6898 21.6202 12.8756 20.9677 10.2505 17.5129 26.5476 8.2275 12.5364 28.5954 16.5468 12.8655 13.7813 11.3888 17.4196 23.7530 15.4568 20.3731 18.3619 16.6905 15.1024
21.3251 8.8104 20.3188 20.1062 23.3694 13.5523 16.8299 20.1196 21.0771 23.5975 29.6112 27.1874 19.3429 12.7337 37.0316 26.8619 13.8588 8.4131 15.6694 13.8722 9.6354 13.6047 11.3898 16.3892 30.9836 23.6690 14.9507 39.9093 10.5541 22.0644 21.1215 11.1473 0.0000 19.2332 14.7267 12.3599 13.3149 10.2686 14.5441 19.5471 11.3908 31.4810 9.7663 23.4183 15.7578 11.7510 28.9036 14.5406 20.5880 28.1659 16.1464 9.0402 11.1737 16.9104 15.9351 17.6953 14.7783 13.8289 11.8514 13.5062 8.8849
11.1132 19.1439 9.3831 9.6720 12.0412 16.6406 19.2695 27.9536 16.4062 10.6368 17.3165 16.0760 9.9676 12.1400 24.7923 13.2119 13.7638 21.0020 20.7570 20.0270 18.7253 12.6740 12.3519 19.4646 19.4341 22.5721 18.2463 30.3084 16.4199 15.5044 12.6917 16.1431 19.2332 0.0000 19.3437 20.2853 21.6473 20.0860 17.6687 8.3796 20.2059 16.7475 16.6949 10.1412 13.8307 16.1988 15.3179 14.0787 15.2044 34.0393 14.2360 23.2013 16.3655 17.6168 21.1098 23.1108 19.5009 19.8074 20.1106 23.6963 18.9649
16.4906 14.3660 23.9957 23.4855 28.4864 10.7558 15.7723 13.8094 19.4754 19.7653 25.6410 27.6094 18.4806 15.7053 29.7145 24.6518 8.4602 10.6127 9.4509 14.8166 14.7493 12.7023 11.6678 14.1486 26.8446 20.7623 16.1381 40.2452 10.4253 15.0342 18.7062 16.9485 14.7267 19.3437 0.0000 10.1222 10.3685 11.2710 10.1964 20.6209 12.0651 30.5066 16.8039 27.2383 18.0607 15.1266 24.6692 14.0711 15.8919 23.6995 22.8129 12.7887 19.4585 17.3282 14.8772 10.7508 12.6978 9.7189 11.4845 11.6024 10.0481
16.9801 10.6084 22.3658 22.2665 29.0163 8.4391 13.0237 15.6719 19.0921 22.4439 28.5984 25.9708 16.7485 11.6838 35.4096 24.3643 11.2993 5.3167 13.1788 11.7811 11.1878 8.8876 10.3052 13.2767 30.6103 23.8115 16.3737 42.7541 7.6177 20.3565 18.0523 16.0907 12.3599 20.2853 10.1222 0.0000 6.6920 4.3565 12.2403 18.3788 13.6804 28.4680 12.3521 26.9704 18.9568 11.4397 29.5887 11.9131 17.9491 27.5916 17.7678 10.0940 14.4133 12.8098 10.6729 9.6666 9.6816 11.8932 6.8823 12.6777 6.1846
17.3582 10.6466 22.8145 21.4634 27.8270 8.7959 9.5922 12.1034 15.8631 21.5608 25.6936 24.6780 15.4767 12.0442 32.9495 24.0549 13.3119 7.5893 11.6818 9.7258 11.8695 11.0004 12.0032 15.7824 28.9152 24.4288 17.7795 39.0742 10.0113 19.3223 16.6225 16.3717 13.3149 21.6473 10.3685 6.6920 0.0000 8.6667 14.3201 18.9815 11.8150 25.1220 11.2170 27.7078 16.7294 13.4191 30.5067 11.7340 17.7188 24.7691 17.6528 10.6778 12.8960 10.9543 10.5179 9.6142 7.4251 11.5905 10.1741 11.3885 8.3116
19.3108 11.3910 23.0721 22.9729 29.7226 8.7758 11.3412 14.8751 21.1718 24.6376 29.6970 27.4890 18.3683 12.3902 37.2262 24.7944 12.3498 7.5681 13.2564 13.4204 11.4857 11.2074 12.0697 11.9854 32.7658 25.5238 15.4259 45.3155 6.8903 22.1731 19.7750 17.6792 10.2686 20.0860 11.2710 4.3565 8.6667 0.0000 12.5592 19.0335 13.1486 30.4129 11.9207 27.4773 20.0535 10.1157 29.5885 14.2017 19.5281 27.4706 16.2646 10.8934 11.7622 14.8141 9.8763 10.2031 10.5871 12.2701 5.9073 12.7394 6.0928
17.8371 13.7447 23.2590 22.7821 27.2655 7.8648 14.8756 17.7524 19.9945 16.7074 27.1321 26.0414 19.5877 15.8951 30.8472 20.2837 7.6720 13.3945 9.1964 15.2034 8.0034 11.9650 7.8948 10.8144 25.9778 18.1970 9.8593 39.1456 12.3391 17.1667 18.9135 19.3940 14.5441 17.6687 10.1964 12.2403 14.3201 12.5592 0.0000 14.9544 11.2790 27.8995 15.7303 22.9479 15.9925 12.0602 23.6586 16.8669 13.1206 25.5642 15.2191 15.4367 12.9174 15.1124 14.7376 12.1211 14.4155 10.3180 10.6292 12.6327 8.8735
14.8467 20.1640 14.7805 13.0397 18.0181 13.5635 18.0806 26.7000 16.2731 13.5546 23.1040 19.7133 14.1018 12.6509 29.3921 12.4282 13.7944 19.0258 19.6073 19.0994 15.1087 11.2875 10.2326 18.4206 22.5024 19.4685 16.0382 33.3337 15.3719 18.8133 17.3823 17.5008 19.5471 8.3796 20.6209 18.3788 18.9815 19.0335 14.9544 0.0000 18.3877 18.3833 16.5611 11.9310 12.9706 16.4012 21.5619 14.6069 17.5443 34.8799 10.2816 24.1941 11.8102 16.1676 20.1490 20.5840 18.7148 19.1555 18.4369 23.3159 17.1913
21.8111 13.0002 25.3089 24.6384 27.9435 13.9659 14.9171 15.6060 21.7951 19.9487 24.2864 28.2076 18.0394 17.5097 29.3179 26.8683 14.2146 14.4456 13.1670 11.1357 10.9719 13.6378 10.3265 15.0983 23.8403 19.1419 10.1622 34.5837 15.7880 17.5673 19.1108 14.6898 11.3908 20.2059 12.0651 13.6804 11.8150 13.1486 11.2790 18.3877 0.0000 24.1018 14.5355 23.0171 13.2569 14.3417 29.1871 14.9397 15.2076 23.0458 14.6640 11.8932 10.5377 15.1713 15.2288 18.5715 12.7515 14.9625 12.5142 10.5510 11.2686
19.2315 28.1055 17.6370 18.0559 19.8474 25.9105 22.8378 28.4061 19.2695 15.9982 17.3523 17.5252 14.2491 23.2470 21.2949 17.7267 26.7539 30.3392 29.5089 20.8529 25.8038 19.7762 23.5844 31.3174 17.0009 27.2245 27.3216 17.4770 30.6211 20.7200 16.6457 21.6202 31.4810 16.7475 30.5066 28.4680 25.1220 30.4129 27.8995 18.3833 24.1018 0.0000 26.7407 18.5760 18.3445 28.8848 23.8864 17.7198 19.7532 37.1303 19.9865 27.4300 21.9809 17.3718 25.4825 32.0814 23.6311 29.4881 29.5419 30.7500 28.7844
19.6801 8.7193 19.0686 17.9732 20.3245 12.3911 11.1296 18.2395 19.0964 22.8906 28.2850 25.1442 17.9779 7.3413 34.9134 26.1502 14.8419 11.6228 16.8601 14.2900 8.7891 12.9992 12.4961 14.7839 30.3771 24.3158 17.1936 36.9842 11.4234 20.0565 15.7635 12.8756 9.7663 16.6949 16.8039 12.3521 11.2170 11.9207 15.7303 16.5611 14.5355 26.7407 0.0000 23.3231 13.9217 11.2268 29.2689 11.7323 18.2323 25.4214 14.3575 12.2263 11.0515 13.2226 11.3281 18.1051 13.5570 14.5723 14.6270 13.3093 12.2955
16.7711 25.0118 11.5084 12.1332 11.8183 24.0542 28.4231 36.2322 23.2864 13.6159 20.3141 18.7764 16.7759 19.1675 29.2708 14.8735 20.9681 26.4973 28.4222 26.3897 22.8276 20.6566 17.4644 26.0429 22.4190 25.4449 21.5392 28.7949 24.4541 23.9185 21.9762 20.9677 23.4183 10.1412 27.2383 26.9704 27.7078 27.4773 22.9479 11.9310 23.0171 18.5760 23.3231 0.0000 18.5719 21.9069 19.1557 22.2376 22.9393 42.4743 16.1168 27.9757 20.1768 25.8539 30.9546 30.1162 28.0714 27.4060 26.8808 28.9101 24.2225
17.6766 14.5677 16.8548 15.6238 16.9920 17.0309 16.0811 23.5593 13.2087 13.9943 20.3303 16.7672 11.9699 13.2507 24.4442 18.7898 14.7101 18.5757 19.5310 15.9901 11.4242 11.8008 12.7338 17.8025 16.4554 15.6426 13.7555 25.2620 21.0577 13.4418 10.6513 10.2505 15.7578 13.8307 18.0607 18.9568 16.7294 20.0535 15.9925 12.9706 13.2569 18.3445 13.9217 18.5719 0.0000 17.3719 19.6044 12.6156 11.3587 27.6062 13.1015 17.8450 11.8020 11.4108 18.2167 23.1350 16.1321 19.1376 19.7687 17.8819 18.1724
22.4607 14.4156 19.1907 19.5381 21.8951 12.8602 10.8605 19.7176 23.9002 22.6306 31.2653 26.7391 21.9143 10.3923 37.6002 25.6301 12.9960 13.0105 16.3940 16.7853 10.9671 13.9703 11.1333 9.7389 30.9386 23.1751 13.0576 41.5153 10.7980 22.6225 19.9851 17.5129 11.7510 16.1988 15.1266 11.4397 13.4191 10.1157 12.0602 16.4012 14.3417 28.8848 11.2268 21.9069 17.3719 0.0000 28.1283 15.8101 19.9308 25.6982 11.5499 14.2128 10.9967 17.7190 11.0290 16.1656 15.7158 16.5578 7.8177 12.8389 10.0538
17.1740 28.8280 14.0601 17.0918 13.6932 24.1589 26.8790 31.8320 20.7041 14.8846 17.5240 8.7084 16.7700 25.7693 22.7908 13.2392 21.5579 30.9541 24.6352 30.6101 25.6557 21.9632 22.7180 25.0345 18.6661 23.2773 24.3022 25.6173 28.5080 19.8296 18.3462 26.5476 28.9036 15.3179 24.6692 29.5887 30.5067 29.5885 23.6586 21.5619 29.1871 23.8864 29.2689 19.1557 19.6044 28.1283 0.0000 25.0919 20.4883 36.5461 26.2152 31.7274 27.9358 24.9352 29.9914 27.6895 27.1662 23.6045 28.6132 30.0006 28.0880
15.4763 12.9309 16.7569 15.7240 21.8523 12.9900 11.9034 15.5948 14.6464 18.6189 21.0537 20.9225 10.8297 8.9281 26.0020 21.2982 11.2823 13.9073 15.7844 8.7076 13.8779 6.8574 10.6863 18.6570 25.2015 21.8669 19.9251 31.5635 13.6376 13.1296 9.6433 8.2275 14.5406 14.0787 14.0711 11.9131 11.7340 14.2017 16.8669 14.6069 14.9397 17.7198 11.7323 22.2376 12.6156 15.8101 25.0919 0.0000 12.3218 24.4355 16.3577 11.1755 13.3776 8.4750 11.5424 17.8354 9.7281 14.5167 14.6202 16.7726 12.8072
12.7010 16.1452 18.2932 18.4913 21.4154 16.8840 18.0940 19.3688 13.9083 12.2405 19.9863 19.2643 12.3607 16.2589 20.2750 19.6460 12.3248 20.3207 16.9894 14.1722 13.9305 10.6548 14.3098 18.9321 19.1675 22.5029 19.4067 30.5310 21.5497 7.5551 8.7941 12.5364 20.5880 15.2044 15.8919 17.9491 17.7188 19.5281 13.1206 17.5443 15.2076 19.7532 18.2323 22.9393 11.3587 19.9308 20.4883 12.3218 0.0000 25.4194 16.6025 17.2276 17.2786 10.3862 16.9986 22.1557 17.1773 18.6515 17.9863 15.6007 17.1549
31.9485 26.7020 38.0891 35.5027 40.4300 23.6318 22.1242 15.9198 27.3135 32.7451 31.8743 37.8316 30.6731 28.8536 24.0950 38.6605 25.4826 29.8215 20.4812 22.2194 24.5795 26.1174 26.4049 27.9221 35.0093 29.5236 27.7393 39.0931 30.2693 24.4809 25.2292 28.5954 28.1659 34.0393 23.6995 27.5916 24.7691 27.4706 25.5642 34.8799 23.0458 37.1303 25.4214 42.4743 27.6062 25.6982 36.5461 24.4355 25.4194 0.0000 32.4061 22.1530 28.0143 22.8007 21.1524 27.2183 21.6843 22.9596 25.3128 19.8872 25.8502
21.7083 17.4299 19.4902 18.6368 19.9373 15.5985 14.5528 24.5636 20.4281 18.7972 26.8709 23.0837 18.6566 10.6274 33.9469 21.0776 16.2525 18.4281 19.3777 17.2312 11.9140 13.2562 12.7204 16.2239 23.5169 19.0397 13.1042 34.2067 15.9472 21.5722 17.6901 16.5468 16.1464 14.2360 22.8129 17.7678 17.6528 16.2646 15.2191 10.2816 14.6640 19.9865 14.3575 16.1168 13.1015 11.5499 26.2152 16.3577 16.6025 32.4061 0.0000 20.9901 7.9945 14.9764 16.7820 22.0984 18.5233 19.8702 15.7017 19.5362 15.0312
21.1533 10.5221 23.8067 23.8519 28.8837 14.4144 14.0847 12.6511 20.6225 24.3394 29.7558 29.1131 19.5719 15.0924 30.7391 29.2550 14.8586 9.0395 16.4710 8.6627 12.2693 13.2939 14.5880 17.5815 30.8530 26.6705 19.0955 36.7221 12.6190 17.9019 18.4337 12.8655 9.0402 23.2013 12.7887 10.0940 10.6778 10.8934 15.4367 24.1941 11.8932 27.4300 12.2263 27.9757 17.8450 14.2128 31.7274 11.1755 17.2276 22.1530 20.9901 0.0000 15.7469 12.1773 11.3507 16.5902 12.1921 14.1613 11.6329 12.2018 9.0296
21.4745 12.4623 19.5234 19.2208 23.0780 11.8465 12.1749 18.8345 17.9330 19.3234 26.3250 23.5784 17.8074 11.5483 32.5388 21.3545 14.0130 13.9280 16.2898 12.7644 8.5155 10.8693 9.8456 14.1532 26.8738 20.1051 13.0156 35.5827 14.0369 21.5191 18.1531 13.7813 11.1737 16.3655 19.4585 14.4133 12.8960 11.7622 12.9174 11.8102 10.5377 21.9809 11.0515 20.1768 11.8020 10.9967 27.9358 13.3776 17.2786 28.0143 7.9945 15.7469 0.0000 12.8595 13.1858 18.3199 14.1593 16.7823 10.9079 13.9220 10.8473
14.9099 12.4892 19.7806 18.1935 23.3510 10.3623 12.0922 14.0937 12.2800 15.5224 21.8595 19.8510 11.8948 11.1597 24.4758 20.6782 12.6391 15.0023 15.0450 7.9370 12.6437 7.7068 12.8623 19.5015 22.5096 21.6564 18.9365 30.8183 17.3200 11.5504 10.4907 11.3888 16.9104 17.6168 17.3282 12.8098 10.9543 14.8141 15.1124 16.1676 15.1713 17.3718 13.2226 25.8539 11.4108 17.7190 24.9352 8.4750 10.3862 22.8007 14.9764 12.1773 12.8595 0.0000 11.6772 17.5473 10.5574 14.6899 15.3146 15.0753 12.9791
23.0854 15.7249 24.8886 24.5684 29.0785 11.8682 6.3844 10.6445 22.0031 25.8195 29.3331 26.8488 19.8988 13.3121 32.2309 26.2421 15.0621 13.7551 15.8139 11.3084 13.0949 13.3270 14.6135 12.0703 31.9758 25.7026 17.0217 37.6546 11.6730 18.6101 14.4895 17.4196 15.9351 21.1098 14.8772 10.6729 10.5179 9.8763 14.7376 20.1490 15.2288 25.4825 11.3281 30.9546 18.2167 11.0290 29.9914 11.5424 16.9986 21.1524 16.7820 11.3507 13.1858 11.6772 0.0000 14.4023 10.0479 15.4838 9.3770 14.4496 13.1701
19.4958 17.5197 27.2031 25.5280 33.0536 9.0959 13.0324 12.5462 18.8847 24.2017 26.3481 28.8115 19.8600 17.8884 33.8461 23.1794 12.9450 11.9465 8.9653 17.9201 15.8887 15.3995 13.1370 13.0801 32.2033 23.0901 19.0542 45.3712 10.1365 23.6070 22.2111 23.7530 17.6953 23.1108 10.7508 9.6666 9.6142 10.2031 12.1211 20.5840 18.5715 32.0814 18.1051 30.1162 23.1350 16.1656 27.6895 17.8354 22.1557 27.2183 22.0984 16.5902 18.3199 17.5473 14.4023 0.0000 9.8853 6.5127 9.2894 17.5082 11.0665
20.6871 14.2714 23.9577 22.9248 28.5554 10.3864 8.3319 11.2344 14.0659 23.0924 22.2119 23.8924 13.8138 13.7663 27.9478 22.7961 14.4779 11.7854 9.5443 9.7609 13.5007 10.3242 11.2730 17.6252 27.5360 21.2987 17.5099 36.9209 12.5139 18.5487 15.5187 15.4568 14.7783 19.5009 12.6978 9.6816 7.4251 10.5871 14.4155 18.7148 12.7515 23.6311 13.5570 28.0714 16.1321 15.7158 27.1662 9.7281 17.1773 21.6843 18.5233 12.1921 14.1593 10.5574 10.0479 9.8853 0.0000 11.1306 11.3241 16.0993 11.1728
16.3367 13.9797 23.8233 20.8809 29.6737 6.6995 13.9114 10.1905 16.9041 19.9516 21.9087 24.7292 16.5212 14.9576 29.8291 23.4920 10.3189 11.2911 6.3779 15.6250 12.4948 13.1843 10.4501 13.6736 27.0509 19.4030 16.0972 40.2188 10.0085 19.7186 17.4746 20.3731 13.8289 19.8074 9.7189 11.8932 11.5905 12.2701 10.3180 19.1555 14.9625 29.4881 14.5723 27.4060 19.1376 16.5578 23.6045 14.5167 18.6515 22.9596 19.8702 14.1613 16.7823 14.6899 15.4838 6.5127 11.1306 0.0000 12.2949 14.9993 10.0151
19.7307 14.2065 22.9745 22.8604 28.6845 9.6450 12.0990 13.5899 19.6065 22.1084 29.5117 26.8924 19.1766 14.8501 35.6844 22.9984 13.0556 9.6938 11.7924 12.8846 9.5944 10.6132 10.7040 11.8947 31.1701 24.1581 15.2461 44.3379 9.8901 21.5039 20.3085 18.3619 11.8514 20.1106 11.4845 6.8823 10.1741 5.9073 10.6292 18.4369 12.5142 29.5419 14.6270 26.8808 19.7687 7.8177 28.6132 14.6202 17.9863 25.3128 15.7017 11.6329 10.9079 15.3146 9.3770 9.2894 11.3241 12.2949 0.0000 11.4001 6.5296
18.9584 11.6562 24.9704 24.5173 29.0550 12.5224 16.6002 14.2667 19.2694 21.3249 29.9694 29.1360 20.8205 16.2006 31.3581 28.9524 13.3361 14.4346 13.0064 14.5758 11.7453 14.0702 14.2211 16.6047 28.8321 24.9301 17.2607 40.3505 17.2467 15.1138 19.7939 16.6905 13.5062 23.6963 11.6024 12.6777 11.3885 12.7394 12.6327 23.3159 10.5510 30.7500 13.3093 28.9101 17.8819 12.8389 30.0006 16.7726 15.6007 19.8872 19.5362 12.2018 13.9220 15.0753 14.4496 17.5082 16.0993 14.9993 11.4001 0.0000 9.9597
16.4570 10.0249 20.7621 20.5194 27.0050 7.4357 14.3032 14.7056 17.7605 19.3858 27.7405 24.7996 17.4584 12.5281 34.8531 23.2434 9.4741 6.1957 9.9190 10.8974 8.3961 9.4473 8.9146 13.6637 29.1096 22.4911 14.1225 41.2636 8.7383 19.8892 19.9315 15.1024 8.8849 18.9649 10.0481 6.1846 8.3116 6.0928 8.8735 17.1913 11.2686 28.7844 12.2955 24.2225 18.1724 10.0538 28.0880 12.8072 17.1549 25.8502 15.0312 9.0296 10.8473 12.9791 13.1701 11.0665 11.1728 10.0151 6.5296 9.9597 0.0000
