0.0000 16.2739 10.1007 11.0730 16.6236 16.9751 26.2970 25.2516 13.5309 7.5482 16.9802 16.0559 8.4281 16.4923 22.5140 12.7700 16.5626 18.8975 24.5438 23.2422 19.6483 13.8614 16.3481 25.5438 19.6506 25.7784 28.3464 33.2889 23.8567 14.4879 15.3896 18.0167 20.3999 11.0492 17.7672 18.8623 17.6135 21.9376 18.5157 14.7412 22.2943 19.2840 20.2913 16.6053 17.8021 25.0696 17.4373 16.2004 13.2176 31.8401 22.3260 19.9053 21.1125 17.2728 23.5745 20.6375 20.7067 18.9342 21.0842 19.6187 19.3980
16.2739 0.0000 19.4006 20.6282 24.0622 13.2213 19.3571 20.0621 17.2239 21.9995 26.4912 26.2954 17.4092 12.0768 32.7343 25.7340 13.5807 8.7387 22.6671 15.6920 9.3866 11.4130 12.7545 18.1379 28.4379 23.8262 21.6945 39.2224 18.4532 19.4556 18.7430 10.1447 10.8720 18.2924 14.5818 11.6126 10.3777 13.2486 14.1554 20.1921 12.5026 28.2220 10.2218 24.8594 15.4506 17.7003 28.6350 13.1796 16.7404 25.6197 18.3226 10.8717 12.7144 14.3508 15.7564 17.5855 13.9312 15.9477 15.6058 11.3904 13.0841
10.1007 19.4006 0.0000 6.1313 8.0334 22.6090 25.5544 32.1394 18.2957 12.5130 14.9813 11.6017 10.8172 14.6806 24.5010 14.3165 21.0736 22.9020 31.7979 26.0729 21.0175 16.2287 17.3865 25.3865 22.2439 28.5570 28.2314 27.8378 24.7084 20.2085 17.6835 16.4528 20.1787 8.8085 25.1575 23.1807 22.1607 25.3595 23.7462 14.3128 25.0188 17.8306 18.3493 11.9909 16.5433 22.6233 14.7577 17.0451 18.4637 38.0602 19.6266 24.0794 20.2206 20.5190 24.4620 27.7088 23.3251 25.0371 23.6394 25.8204 23.4592
11.0730 20.6282 6.1313 0.0000 10.0292 21.1197 23.9977 28.5854 15.7070 11.7149 16.2945 14.4912 9.1911 15.4607 22.4579 15.5640 21.1367 23.9427 29.6521 26.0811 20.5981 16.3951 18.5504 25.7348 20.3975 26.9972 28.0453 27.8640 25.5261 19.9127 15.1874 17.3155 19.5889 10.3065 26.2239 24.3910 20.9106 25.2293 23.5631 14.0849 24.5489 17.6085 16.9872 13.6934 15.0132 22.8758 18.1895 15.8780 20.1292 36.7519 20.4216 24.0630 20.8648 18.9712 24.2780 25.6409 22.3155 21.5360 23.7933 26.5219 23.4431
16.6236 24.0622 8.0334 10.0292 0.0000 28.6887 27.1294 36.3028 20.8416 15.1757 19.1310 15.8800 14.8936 16.9229 25.6925 17.5638 25.4418 28.4108 36.3635 30.7256 21.9136 20.8891 22.9491 29.7945 22.2461 30.8261 31.0633 24.2665 31.3912 22.5455 20.7112 19.9009 24.3253 13.1524 30.2687 30.6548 26.7517 31.5165 27.2396 18.2380 27.1626 20.1742 19.4205 13.4457 15.8004 24.8661 15.0762 21.9071 22.5725 41.5400 21.5383 28.6439 23.8457 23.7571 28.1841 32.9498 27.7008 30.0363 28.5757 30.7051 27.8736
16.9751 13.2213 22.6090 21.1197 28.6887 0.0000 15.7596 16.3967 18.4234 20.6088 26.1686 23.2147 18.2184 14.0660 34.3771 21.7287 13.8807 12.2291 18.4183 18.7159 13.0711 12.1402 9.6070 14.7092 30.6501 21.7115 17.4455 44.0412 14.4520 23.0297 20.4511 20.3365 14.1725 18.1059 12.2669 8.8036 10.7945 13.4311 10.4755 15.7709 15.9331 28.5427 15.2988 24.5232 20.1807 17.7584 25.1046 15.8004 17.5101 26.0852 15.3652 16.1091 13.8574 13.9418 15.5585 12.3065 12.5733 10.1039 12.3331 13.9953 11.9426
26.2970 19.3571 25.5544 23.9977 27.1294 15.7596 0.0000 12.8632 20.0298 25.2253 28.3697 27.7495 19.8495 14.5784 31.8540 24.8232 19.7813 17.6344 20.0571 16.0105 14.3180 14.6800 15.6652 15.3383 31.4863 26.4895 22.3325 38.8525 17.9458 20.6315 15.7491 20.8718 17.2389 20.4362 19.3641 15.6365 11.0418 13.6701 15.8846 20.2053 16.3765 23.9318 11.4344 30.1197 17.7681 13.5179 29.0610 13.0507 20.8489 24.0581 17.0869 13.8442 14.8720 12.6409 7.1508 14.2588 8.7881 14.9477 13.5692 19.9868 16.8744
25.2516 20.0621 32.1394 28.5854 36.3028 16.3967 12.8632 0.0000 20.0745 27.8043 27.0294 32.8966 21.8917 22.5062 25.6760 30.9686 22.1873 18.9142 18.7530 15.8585 19.4487 18.8906 21.5690 20.5909 32.2331 29.1683 28.6618 39.7220 22.1640 21.8678 20.8707 23.8349 20.3420 27.9823 16.8304 17.7614 11.9760 17.5731 18.2206 27.8616 17.0019 28.5019 19.3994 37.1018 24.7050 22.8644 33.1306 16.0827 21.7410 17.0445 26.4373 13.0073 20.4497 15.8770 12.2653 13.6989 11.3148 12.0038 14.8795 16.8700 17.4945
13.5309 17.2239 18.2957 15.7070 20.8416 18.4234 20.0298 20.0745 0.0000 14.9631 17.8824 19.0031 10.5736 18.0460 21.3288 18.8441 20.8870 20.4003 20.4892 20.0790 16.5535 11.7371 19.1275 27.9444 19.6912 24.3098 29.5007 30.5945 28.3427 14.6079 15.0162 16.6912 21.1840 16.8960 22.2149 21.6983 15.8799 23.5391 20.3966 17.1707 21.0893 19.4082 18.3966 24.5020 12.8490 27.8555 22.1800 15.1604 15.7966 28.1713 21.9188 19.8758 17.9832 13.0090 22.1818 19.9833 14.0750 18.4314 20.2289 21.3213 19.3960
7.5482 21.9995 12.5130 11.7149 15.1757 20.6088 25.2253 27.8043 14.9631 0.0000 14.4864 15.6225 10.2873 20.4167 19.5263 9.6083 19.6141 25.8423 23.4101 23.1792 19.5925 14.5848 17.0578 26.8097 15.5025 23.8986 26.6088 28.4979 30.0978 14.3926 15.2597 22.0062 22.1176 12.3089 22.7657 24.7148 22.3175 25.2691 17.7969 15.2547 20.6477 16.4590 22.3699 15.8298 15.3204 25.1532 16.1281 19.5119 14.5887 34.1618 22.1147 21.1718 21.5576 15.9377 26.7465 25.3199 24.1063 20.5430 22.1867 23.9741 19.5669
16.9802 26.4912 14.9813 16.2945 19.1310 26.1686 28.3697 27.0294 17.8824 14.4864 0.0000 14.3379 13.6263 25.7447 13.8932 20.2341 26.5359 31.7786 29.1501 29.5005 27.7632 22.5985 21.5984 28.9363 18.2429 27.2105 31.9987 23.8457 34.0948 22.1261 18.2840 25.7352 31.0494 17.8882 26.8343 28.2901 26.9851 33.3454 28.0653 23.4752 26.5850 18.8388 28.5924 21.7248 20.4176 35.3048 16.1104 23.5472 18.7353 32.0009 27.4254 29.2842 26.5749 23.2662 30.6229 28.7096 24.6703 24.8557 30.4844 29.7994 29.1281
16.0559 26.2954 11.6017 14.4912 15.8800 23.2147 27.7495 32.8966 19.0031 15.6225 14.3379 0.0000 13.5800 22.3086 25.6033 14.2374 26.9957 28.3676 33.7027 31.2036 24.6645 20.1476 22.4154 26.9948 19.0568 25.8578 30.0656 26.5046 32.1406 25.0017 18.8391 24.5273 28.1762 17.6476 28.0195 25.6146 26.2351 31.2647 28.1316 20.8905 30.4960 19.9536 26.7497 20.0966 19.2025 31.4172 9.3724 23.3677 18.6740 39.6104 23.3150 30.6012 25.9299 22.4520 29.2975 30.5705 25.8783 26.9464 29.3854 30.3664 28.6232
8.4281 17.4092 10.8172 9.1911 14.8936 18.2184 19.8495 21.8917 10.5736 10.2873 13.6263 13.5800 0.0000 15.5846 19.7873 13.6314 18.5664 20.2767 24.0614 20.2643 17.5247 11.4246 15.9380 25.4109 16.6605 25.1074 27.9227 28.5577 24.2249 14.3852 10.7296 15.2099 18.5116 10.9022 21.1004 18.6530 14.7978 21.3639 20.3278 15.2838 18.3721 14.4902 17.2050 17.6680 12.1194 25.0460 17.7770 10.7971 13.6339 31.9890 20.9642 19.1329 19.0867 13.3607 19.9740 20.6036 14.0084 17.4612 19.5865 22.4245 20.0255
16.4923 12.0768 14.6806 15.4607 16.9229 14.0660 14.5784 22.5062 18.0460 20.4167 25.7447 22.3086 15.5846 0.0000 33.6615 20.7695 14.0863 14.6879 23.8397 17.5427 12.5438 9.2038 11.1093 17.1249 28.3744 21.5620 21.0696 39.6895 15.5770 20.4708 16.2647 13.3774 14.2067 10.8883 17.1665 13.8037 13.1614 15.9826 16.2851 11.7118 17.5727 23.5818 8.3684 18.2698 14.0958 13.6350 25.0107 9.2343 16.8936 28.6992 11.0837 15.4967 12.4415 12.8844 13.6776 19.1267 13.7951 17.0406 15.7250 18.0155 16.3724
22.5140 32.7343 24.5010 22.4579 25.6925 34.3771 31.8540 25.6760 21.3288 19.5263 13.8932 25.6033 19.7873 33.6615 0.0000 26.8365 31.9607 39.1005 32.7278 30.0113 32.2942 28.1171 31.0384 37.0567 23.3599 32.9596 39.7172 20.4669 43.2081 21.3864 22.1731 29.3183 35.9996 25.7590 31.7987 36.2869 32.1844 38.7187 31.2033 30.7546 30.0941 21.5215 34.3901 31.0867 24.5182 40.4498 24.0950 26.0006 22.2359 24.6719 36.3699 28.6454 33.9952 25.4595 33.0812 34.5288 28.5935 31.2668 35.5363 32.9810 34.0090
12.7700 25.7340 14.3165 15.5640 17.5638 21.7287 24.8232 30.9686 18.8441 9.6083 20.2341 14.2374 13.6314 20.7695 26.8365 0.0000 21.2996 26.8135 28.1013 27.6691 20.6727 15.6015 18.5954 27.8659 22.3784 26.1573 29.3228 32.5355 29.4125 21.1788 18.3409 26.1118 23.2706 13.4477 26.2911 25.3561 24.5423 24.7746 20.0960 12.8880 26.5574 19.0420 23.5353 15.4924 18.7163 26.0098 12.7655 21.1259 20.3581 38.9644 23.0435 25.1682 23.1721 20.5545 26.3358 24.1972 23.9204 21.3009 22.3662 29.9028 22.3885
16.5626 13.5807 21.0736 21.1367 25.4418 13.8807 19.7813 22.1873 20.8870 19.6141 26.5359 26.9957 18.5664 14.0863 31.9607 21.2996 0.0000 14.3157 17.8501 16.9365 15.1167 12.0545 10.8726 15.6636 28.1691 20.7301 17.1524 39.4573 15.2531 15.4203 17.0792 17.5066 15.3891 16.6656 13.4355 14.1502 15.4960 16.1348 9.6636 17.2289 17.3018 30.1472 17.3107 24.3532 17.2726 16.8435 24.4722 14.0897 16.3732 29.2179 19.3693 16.1557 17.5466 16.9015 16.7314 15.7720 17.3415 14.1896 16.7068 17.7706 15.1473
18.8975 8.7387 22.9020 23.9427 28.4108 12.2291 17.6344 18.9142 20.4003 25.8423 31.7786 28.3676 20.2767 14.6879 39.1005 26.8135 14.3157 0.0000 20.6766 15.7002 11.5070 13.3142 14.1532 17.0379 34.5234 27.0339 20.8749 43.4453 10.8816 24.1141 23.1455 16.2516 11.3043 21.5841 12.8398 7.4560 8.6089 10.3100 14.6845 20.3081 16.1227 32.2454 13.9770 27.7575 20.7584 17.0205 32.0895 16.0357 22.0974 30.1855 19.7822 12.8849 14.7169 18.2832 14.5863 13.4500 13.2205 14.5701 11.4732 15.6849 10.9820
24.5438 22.6671 31.7979 29.6521 36.3635 18.4183 20.0571 18.7530 20.4892 23.4101 29.1501 33.7027 24.0614 23.8397 32.7278 28.1013 17.8501 20.6766 0.0000 18.1792 19.4833 20.0359 18.9427 25.2488 33.6590 28.1979 21.8524 45.9454 17.7212 23.2902 24.5128 28.9807 18.2532 26.6014 18.8292 21.6237 17.7761 19.5767 16.9815 26.6856 19.2488 35.2637 22.0731 34.9677 25.5257 23.7461 32.0679 22.5829 25.7943 28.0170 26.5785 19.8154 23.0190 20.3708 23.1873 16.7971 16.9599 13.1266 18.0546 22.3810 17.6235
23.2422 15.6920 26.0729 26.0811 30.7256 18.7159 16.0105 15.8585 20.0790 23.1792 29.5005 31.2036 20.2643 17.5427 30.0113 27.6691 16.9365 15.7002 18.1792 0.0000 16.0880 13.0094 16.4019 25.9607 32.0995 29.7282 21.9469 35.5479 19.1025 18.9867 19.6099 16.9286 15.2894 23.5823 21.2960 18.6906 12.6396 18.9008 19.5527 22.7999 13.7263 22.9873 15.7584 29.7334 19.5595 22.5683 35.5640 12.6177 20.1255 27.0825 21.0718 10.3698 16.1322 11.7310 15.4648 22.6829 13.9419 19.2178 16.0785 20.4527 14.7976
19.6483 9.3866 21.0175 20.5981 21.9136 13.0711 14.3180 19.4487 16.5535 19.5925 27.7632 24.6645 17.5247 12.5438 32.2942 20.6727 15.1167 11.5070 19.4833 16.0880 0.0000 10.6895 10.1564 15.4245 25.9116 20.7906 16.1966 36.8615 18.9196 21.1212 19.1732 15.3437 10.7962 18.3371 18.2033 14.3506 12.0848 13.8128 9.1079 15.2457 10.6442 25.9339 9.9403 22.9879 11.6558 15.1385 26.6606 15.1217 16.7561 27.1613 12.8649 13.9342 8.6763 13.9903 14.1063 17.0879 13.9654 14.7149 10.2610 15.1024 8.5281
13.8614 11.4130 16.2287 16.3951 20.8891 12.1402 14.6800 18.8906 11.7371 14.5848 22.5985 20.1476 11.4246 9.2038 28.1171 15.6015 12.0545 13.3142 20.0359 13.0094 10.6895 0.0000 10.8813 19.8743 23.8636 20.3581 22.4906 36.5160 19.5065 14.6435 12.3130 12.5722 11.7736 13.2388 16.5522 12.1303 11.0851 13.0133 13.5626 12.6742 14.5846 20.6534 11.4420 21.6536 12.7160 16.6462 23.6230 8.1758 12.9501 28.2534 15.3379 11.5491 12.7620 7.7644 14.5142 16.9156 11.3671 13.6290 12.5649 16.5255 12.5504
16.3481 12.7545 17.3865 18.5504 22.9491 9.6070 15.6652 21.5690 19.1275 17.0578 21.5984 22.4154 15.9380 11.1093 31.0384 18.5954 10.8726 14.1532 18.9427 16.4019 10.1564 10.8813 0.0000 12.6616 27.3600 17.2401 13.7393 39.1347 14.2390 20.4311 16.8771 15.9020 12.4808 11.2341 13.4347 11.2369 14.0491 15.1952 10.3685 11.0201 12.7238 25.3785 13.4008 16.8945 13.8824 15.4215 20.9023 12.7629 14.6719 28.0184 12.3550 16.0717 10.3269 16.0696 15.4345 15.7841 13.7248 12.8345 11.7657 15.9371 11.4773
25.5438 18.1379 25.3865 25.7348 29.7945 14.7092 15.3383 20.5909 27.9444 26.8097 28.9363 26.9948 25.4109 17.1249 37.0567 27.8659 15.6636 17.0379 25.2488 25.9607 15.4245 19.8743 12.6616 0.0000 31.5466 22.1140 15.1959 43.9460 15.9270 25.7192 21.1899 23.0567 18.2828 20.1120 14.1421 12.8198 16.6689 15.1692 12.4347 19.9072 17.4087 34.2305 17.3721 25.7591 19.8713 12.8905 24.4173 20.8460 20.5608 28.5898 17.3994 18.9042 16.6151 22.4973 13.7927 14.3591 19.2351 16.1062 14.5866 16.7455 16.3617
19.6506 28.4379 22.2439 20.3975 22.2461 30.6501 31.4863 32.2331 19.6912 15.5025 18.2429 19.0568 16.6605 28.3744 23.3599 22.3784 28.1691 34.5234 33.6590 32.0995 25.9116 23.8636 27.3600 31.5466 0.0000 13.5246 24.0904 17.4991 40.1523 21.3244 20.3445 27.0420 31.1954 21.9557 30.4570 33.8057 29.0920 35.9374 27.1276 24.4207 23.6930 16.8670 30.6972 24.3543 17.0291 34.5305 20.1459 26.7098 21.6527 37.4387 27.5934 29.6936 27.8972 24.4860 33.3198 33.8632 28.8980 29.4270 31.7513 31.4706 27.1009
25.7784 23.8262 28.5570 26.9972 30.8261 21.7115 26.4895 29.1683 24.3098 23.8986 27.2105 25.8578 25.1074 21.5620 32.9596 26.1573 20.7301 27.0339 28.1979 29.7282 20.7906 20.3581 17.2401 22.1140 13.5246 0.0000 14.7739 28.7765 30.7249 26.7619 23.3956 24.9133 23.9847 22.6437 23.9056 26.1774 25.7110 29.3361 20.3804 20.0643 20.1997 28.1199 25.6926 26.2541 17.2917 26.5847 23.7749 23.1099 24.7563 31.5995 21.7205 26.9713 20.7084 23.8478 28.2807 25.2861 23.7025 21.4062 25.5305 27.1648 21.4452
28.3464 21.6945 28.2314 28.0453 31.0633 17.4455 22.3325 28.6618 29.5007 26.6088 31.9987 30.0656 27.9227 21.0696 39.7172 29.3228 17.1524 20.8749 21.8524 21.9469 16.1966 22.4906 13.7393 15.1959 24.0904 14.7739 0.0000 34.7523 17.0740 26.3516 25.8412 25.3729 19.0363 22.8636 21.2960 21.0508 22.1764 23.3290 15.5664 20.5557 14.7142 32.5840 21.9214 24.9935 18.8392 20.1792 26.9949 25.1584 24.0986 33.1215 16.6025 23.1113 16.8567 24.9908 22.9373 25.3606 23.4113 22.2908 19.4358 21.3118 16.3466
33.2889 39.2224 27.8378 27.8640 24.2665 44.0412 38.8525 39.7220 30.5945 28.4979 23.8457 26.5046 28.5577 39.6895 20.4669 32.5355 39.4573 43.4453 45.9454 35.5479 36.8615 36.5160 39.1347 43.9460 17.4991 28.7765 34.7523 0.0000 49.5085 29.7587 29.1758 32.5959 42.6090 33.2709 44.7023 46.8141 40.2918 49.5294 41.0861 35.5991 35.5065 18.9630 38.5074 32.8931 26.5324 45.8457 27.2766 33.6651 33.7027 42.4191 38.3721 39.3623 37.0109 33.5694 39.9732 47.7175 38.9067 43.2258 45.4420 44.7439 40.1311
23.8567 18.4532 24.7084 25.5261 31.3912 14.4520 17.9458 22.1640 28.3427 30.0978 34.0948 32.1406 24.2249 15.5770 43.2081 29.4125 15.2531 10.8816 17.7212 19.1025 18.9196 19.5065 14.2390 15.9270 40.1523 30.7249 17.0740 49.5085 0.0000 27.9857 26.3386 23.3981 14.7943 20.1846 15.5874 10.8359 13.7952 13.6043 17.6406 20.4843 20.8054 36.2076 16.6974 27.9297 25.9016 17.3802 31.9228 18.6264 25.6097 33.7314 19.5929 18.4132 18.9279 23.9748 15.9021 15.7377 16.9625 16.7511 14.6251 20.6567 16.4758
14.4879 19.4556 20.2085 19.9127 22.5455 23.0297 20.6315 21.8678 14.6079 14.3926 22.1261 25.0017 14.3852 20.4708 21.3864 21.1788 15.4203 24.1141 23.2902 18.9867 21.1212 14.6435 20.4311 25.7192 21.3244 26.7619 26.3516 29.7587 27.9857 0.0000 12.8415 16.4080 21.9528 17.4937 18.9596 23.0082 20.3371 24.1228 18.9275 21.4616 19.2002 23.1209 20.0357 26.7020 15.4641 25.4660 22.8750 15.1411 11.5598 27.5382 25.5833 16.1087 24.3938 13.8212 20.8315 25.6576 20.5719 21.4026 24.7234 19.1098 24.5484
15.3896 18.7430 17.6835 15.1874 20.7112 20.4511 15.7491 20.8707 15.0162 15.2597 18.2840 18.8391 10.7296 16.2647 22.1731 18.3409 17.0792 23.1455 24.5128 19.6099 19.1732 12.3130 16.8771 21.1899 20.3445 23.3956 25.8412 29.1758 26.3386 12.8415 0.0000 15.1743 19.8812 14.0735 21.8917 20.5112 17.4330 20.3535 19.6633 19.3238 20.7373 19.0188 16.0393 24.5328 12.2454 21.2251 20.7023 10.9698 11.6313 27.3713 21.2997 17.0395 20.7205 10.4701 15.6459 23.2005 16.5843 18.6833 23.2223 23.1300 23.6774
18.0167 10.1447 16.4528 17.3155 19.9009 20.3365 20.8718 23.8349 16.6912 22.0062 25.7352 24.5273 15.2099 13.3774 29.3183 26.1118 17.5066 16.2516 28.9807 16.9286 15.3437 12.5722 15.9020 23.0567 27.0420 24.9133 25.3729 32.5959 23.3981 16.4080 15.1743 0.0000 15.4365 16.5165 18.9878 18.1521 16.4947 21.1986 20.9639 18.6128 15.5771 22.9620 14.4446 22.1211 11.8558 21.6796 27.6817 9.4658 14.8123 29.1693 18.8345 13.8575 15.1475 13.2809 18.1969 24.8439 16.5863 21.8579 20.8094 18.1904 19.1676
20.3999 10.8720 20.1787 19.5889 24.3253 14.1725 17.2389 20.3420 21.1840 22.1176 31.0494 28.1762 18.5116 14.2067 35.9996 23.2706 15.3891 11.3043 18.2532 15.2894 10.7962 11.7736 12.4808 18.2828 31.1954 23.9847 19.0363 42.6090 14.7943 21.9528 19.8812 15.4365 0.0000 18.6091 16.4578 13.9270 12.5002 10.6011 13.4561 19.7877 11.8942 31.3600 10.5366 23.2891 16.2832 12.3329 28.4340 14.8503 22.1960 29.3422 17.8763 10.4767 14.1100 15.3249 16.9477 17.1617 14.2185 12.1696 11.8284 15.7498 11.4080
11.0492 18.2924 8.8085 10.3065 13.1524 18.1059 20.4362 27.9823 16.8960 12.3089 17.8882 17.6476 10.9022 10.8883 25.7590 13.4477 16.6656 21.5841 26.6014 23.5823 18.3371 13.2388 11.2341 20.1120 21.9557 22.6437 22.8636 33.2709 20.1846 17.4937 14.0735 16.5165 18.6091 0.0000 20.3948 19.2595 20.8410 21.4369 18.2273 8.1727 20.8007 18.4508 16.0503 11.1045 14.0413 19.2863 15.3612 13.9889 15.6955 33.6909 15.6986 21.4668 17.2809 18.6136 20.5691 22.9971 19.8435 20.1217 19.5434 23.9687 19.8616
17.7672 14.5818 25.1575 26.2239 30.2687 12.2669 19.3641 16.8304 22.2149 22.7657 26.8343 28.0195 21.1004 17.1665 31.7987 26.2911 13.4355 12.8398 18.8292 21.2960 18.2033 16.5522 13.4347 14.1421 30.4570 23.9056 21.2960 44.7023 15.5874 18.9596 21.8917 18.9878 16.4578 20.3948 0.0000 9.0412 11.9366 14.5302 12.4062 22.6767 15.0557 33.4072 19.4805 27.6701 21.1706 18.9517 25.4114 16.5857 16.7277 25.0084 22.7920 13.1855 21.7130 20.9677 16.9065 12.8857 15.2195 13.5424 15.0442 12.4492 15.0176
18.8623 11.6126 23.1807 24.3910 30.6548 8.8036 15.6365 17.7614 21.6983 24.7148 28.2901 25.6146 18.6530 13.8037 36.2869 25.3561 14.1502 7.4560 21.6237 18.6906 14.3506 12.1303 11.2369 12.8198 33.8057 26.1774 21.0508 46.8141 10.8359 23.0082 20.5112 18.1521 13.9270 19.2595 9.0412 0.0000 9.4361 8.2410 13.0255 19.7851 16.6037 31.1287 15.5493 26.9549 21.7708 15.4284 28.3193 14.0835 16.7203 27.8908 17.9158 12.9892 16.8368 17.0971 12.1832 10.7134 11.3848 13.9197 10.5959 13.7901 12.6234
17.6135 10.3777 22.1607 20.9106 26.7517 10.7945 11.0418 11.9760 15.8799 22.3175 26.9851 26.2351 14.7978 13.1614 32.1844 24.5423 15.4960 8.6089 17.7761 12.6396 12.0848 11.0851 14.0491 16.6689 29.0920 25.7110 22.1764 40.2918 13.7952 20.3371 17.4330 16.4947 12.5002 20.8410 11.9366 9.4361 0.0000 11.0057 13.4623 18.9787 11.3089 24.7179 10.5910 27.8189 16.6780 15.3430 30.7666 11.2980 18.8123 24.5914 17.9523 10.2859 13.6007 12.7623 9.8525 10.5184 7.1651 12.5042 10.4259 12.8929 10.5368
21.9376 13.2486 25.3595 25.2293 31.5165 13.4311 13.6701 17.5731 23.5391 25.2691 33.3454 31.2647 21.3639 15.9826 38.7187 24.7746 16.1348 10.3100 19.5767 18.9008 13.8128 13.0133 15.1952 15.1692 35.9374 29.3361 23.3290 49.5294 13.6043 24.1228 20.3535 21.1986 10.6011 21.4369 14.5302 8.2410 11.0057 0.0000 13.5877 21.7409 16.5288 33.1679 14.1119 30.2236 23.0804 10.8508 31.5495 16.7753 22.8630 29.7472 19.9318 13.0887 15.7547 16.2693 11.8427 11.4890 13.3170 13.8927 9.5457 15.6763 11.7103
18.5157 14.1554 23.7462 23.5631 27.2396 10.4755 15.8846 18.2206 20.3966 17.7969 28.0653 28.1316 20.3278 16.2851 31.2033 20.0960 9.6636 14.6845 16.9815 19.5527 9.1079 13.5626 10.3685 12.4347 27.1276 20.3804 15.5664 41.0861 17.6406 18.9275 19.6633 20.9639 13.4561 18.2273 12.4062 13.0255 13.4623 13.5877 0.0000 16.2023 11.8451 28.9602 15.9669 24.1634 16.9512 14.2769 24.7823 17.2204 15.2335 26.3380 16.7683 13.0754 14.6540 16.5903 14.7902 12.6503 15.0996 11.6038 11.2357 14.3335 8.5988
14.7412 20.1921 14.3128 14.0849 18.2380 15.7709 20.2053 27.8616 17.1707 15.2547 23.4752 20.8905 15.2838 11.7118 30.7546 12.8880 17.2289 20.3081 26.6856 22.7999 15.2457 12.6742 11.0201 19.9072 24.4207 20.0643 20.5557 35.5991 20.4843 21.4616 19.3238 18.6128 19.7877 8.1727 22.6767 19.7851 18.9787 21.7409 16.2023 0.0000 19.5174 19.5062 16.5321 11.9634 13.6918 19.7114 21.4279 15.9460 18.5320 35.4585 11.7057 23.8717 13.1192 17.9108 20.5087 21.3584 19.9636 19.7754 18.4354 24.3040 16.3113
22.2943 12.5026 25.0188 24.5489 27.1626 15.9331 16.3765 17.0019 21.0893 20.6477 26.5850 30.4960 18.3721 17.5727 30.0941 26.5574 17.3018 16.1227 19.2488 13.7263 10.6442 14.5846 12.7238 17.4087 23.6930 20.1997 14.7142 35.5065 20.8054 19.2002 20.7373 15.5771 11.8942 20.8007 15.0557 16.6037 11.3089 16.5288 11.8451 19.5174 0.0000 24.2806 14.4016 23.5416 13.5776 17.3944 30.0053 15.3034 17.9452 24.8640 16.1882 10.8962 10.9632 16.2769 16.0929 19.9498 13.7194 16.4199 12.4714 12.5638 8.9666
19.2840 28.2220 17.8306 17.6085 20.1742 28.5427 23.9318 28.5019 19.4082 16.4590 18.8388 19.9536 14.4902 23.5818 21.5215 19.0420 30.1472 32.2454 35.2637 22.9873 25.9339 20.6534 25.3785 34.2305 16.8670 28.1199 32.5840 18.9630 36.2076 23.1209 19.0188 22.9620 31.3600 18.4508 33.4072 31.1287 24.7179 33.1679 28.9602 19.5062 24.2806 0.0000 26.1137 20.3527 18.3616 32.7248 25.4040 18.3497 21.7202 38.3368 23.4208 26.0633 22.7814 18.1618 26.0508 32.7761 24.2821 30.9160 29.6553 32.4946 25.7641
20.2913 10.2218 18.3493 16.9872 19.4205 15.2988 11.4344 19.3994 18.3966 22.3699 28.5924 26.7497 17.2050 8.3684 34.3901 23.5353 17.3107 13.9770 22.0731 15.7584 9.9403 11.4420 13.4008 17.3721 30.6972 25.6926 21.9214 38.5074 16.6974 20.0357 16.0393 14.4446 10.5366 16.0503 19.4805 15.5493 10.5910 14.1119 15.9669 16.5321 14.4016 26.1137 0.0000 23.0646 13.6681 12.9585 29.4732 11.2134 19.8926 26.7288 15.1745 13.0884 12.4369 13.3177 11.5878 18.2779 12.6758 15.1661 15.7350 15.9573 15.4063
16.6053 24.8594 11.9909 13.6934 13.4457 24.5232 30.1197 37.1018 24.5020 15.8298 21.7248 20.0966 17.6680 18.2698 31.0867 15.4924 24.3532 27.7575 34.9677 29.7334 22.9879 21.6536 16.8945 25.7591 24.3543 26.2541 24.9935 32.8931 27.9297 26.7020 24.5328 22.1211 23.2891 11.1045 27.6701 26.9549 27.8189 30.2236 24.1634 11.9634 23.5416 20.3527 23.0646 0.0000 19.0740 25.1025 18.8062 23.3868 22.9516 42.8842 16.4094 28.4124 20.4507 27.6252 31.1883 30.6939 28.8555 27.8160 26.5729 28.7824 22.5737
17.8021 15.4506 16.5433 15.0132 15.8004 20.1807 17.7681 24.7050 12.8490 15.3204 20.4176 19.2025 12.1194 14.0958 24.5182 18.7163 17.2726 20.7584 25.5257 19.5595 11.6558 12.7160 13.8824 19.8713 17.0291 17.2917 18.8392 26.5324 25.9016 15.4641 12.2454 11.8558 16.2832 14.0413 21.1706 21.7708 16.6780 23.0804 16.9512 13.6918 13.5776 18.3616 13.6681 19.0740 0.0000 20.2520 20.5448 13.4272 13.6465 29.9422 15.1399 18.8159 13.0375 13.1693 18.8919 24.1145 16.9849 20.5800 19.6465 20.7997 17.5731
25.0696 17.7003 22.6233 22.8758 24.8661 17.7584 13.5179 22.8644 27.8555 25.1532 35.3048 31.4172 25.0460 13.6350 40.4498 26.0098 16.8435 17.0205 23.7461 22.5683 15.1385 16.6462 15.4215 12.8905 34.5305 26.5847 20.1792 45.8457 17.3802 25.4660 21.2251 21.6796 12.3329 19.2863 18.9517 15.4284 15.3430 10.8508 14.2769 19.7114 17.3944 32.7248 12.9585 25.1025 20.2520 0.0000 30.8472 19.0092 25.0313 28.5755 16.4442 15.5940 16.6642 19.2676 12.5738 17.5944 18.2706 18.6223 11.1975 16.4067 15.1118
17.4373 28.6350 14.7577 18.1895 15.0762 25.1046 29.0610 33.1306 22.1800 16.1281 16.1104 9.3724 17.7770 25.0107 24.0950 12.7655 24.4722 32.0895 32.0679 35.5640 26.6606 23.6230 20.9023 24.4173 20.1459 23.7749 26.9949 27.2766 31.9228 22.8750 20.7023 27.6817 28.4340 15.3612 25.4114 28.3193 30.7666 31.5495 24.7823 21.4279 30.0053 25.4040 29.4732 18.8062 20.5448 30.8472 0.0000 26.2658 20.7227 37.3836 26.3805 30.5744 28.6694 27.0457 31.2356 28.8467 28.6570 25.1374 29.3394 29.9997 29.7874
16.2004 13.1796 17.0451 15.8780 21.9071 15.8004 13.0507 16.0827 15.1604 19.5119 23.5472 23.3677 10.7971 9.2343 26.0006 21.1259 14.0897 16.0357 22.5829 12.6177 15.1217 8.1758 12.7629 20.8460 26.7098 23.1099 25.1584 33.6651 18.6264 15.1411 10.9698 9.4658 14.8503 13.9889 16.5857 14.0835 11.2980 16.7753 17.2204 15.9460 15.3034 18.3497 11.2134 23.3868 13.4272 19.0092 26.2658 0.0000 14.2861 25.2226 18.6111 10.1315 15.5087 10.0553 11.4612 17.9632 9.5639 15.2636 16.5013 18.6640 16.8845
13.2176 16.7404 18.4637 20.1292 22.5725 17.5101 20.8489 21.7410 15.7966 14.5887 18.7353 18.6740 13.6339 16.8936 22.2359 20.3581 16.3732 22.0974 25.7943 20.1255 16.7561 12.9501 14.6719 20.5608 21.6527 24.7563 24.0986 33.7027 25.6097 11.5598 11.6313 14.8123 22.1960 15.6955 16.7277 16.7203 18.8123 22.8630 15.2335 18.5320 17.9452 21.7202 19.8926 22.9516 13.6465 25.0313 20.7227 14.2861 0.0000 27.8244 16.6315 16.6343 18.8854 13.4953 19.5050 24.4513 19.3080 21.6998 20.9709 17.6910 19.6552
31.8401 25.6197 38.0602 36.7519 41.5400 26.0852 24.0581 17.0445 28.1713 34.1618 32.0009 39.6104 31.9890 28.6992 24.6719 38.9644 29.2179 30.1855 28.0170 27.0825 27.1613 28.2534 28.0184 28.5898 37.4387 31.5995 33.1215 42.4191 33.7314 27.5382 27.3713 29.1693 29.3422 33.6909 25.0084 27.8908 24.5914 29.7472 26.3380 35.4585 24.8640 38.3368 26.7288 42.8842 29.9422 28.5755 37.3836 25.2226 27.8244 0.0000 34.1832 21.8566 29.4389 25.1771 22.4910 27.4703 22.7178 25.4253 27.6423 20.4971 29.0263
22.3260 18.3226 19.6266 20.4216 21.5383 15.3652 17.0869 26.4373 21.9188 22.1147 27.4254 23.3150 20.9642 11.0837 36.3699 23.0435 19.3693 19.7822 26.5785 21.0718 12.8649 15.3379 12.3550 17.3994 27.5934 21.7205 16.6025 38.3721 19.5929 25.5833 21.2997 18.8345 17.8763 15.6986 22.7920 17.9158 17.9523 19.9318 16.7683 11.7057 16.1882 23.4208 15.1745 16.4094 15.1399 16.4442 26.3805 18.6111 16.6315 34.1832 0.0000 22.6523 8.4729 17.8313 18.0403 23.6783 20.3463 22.6269 16.1701 20.2743 13.2831
19.9053 10.8717 24.0794 24.0630 28.6439 16.1091 13.8442 13.0073 19.8758 21.1718 29.2842 30.6012 19.1329 15.4967 28.6454 25.1682 16.1557 12.8849 19.8154 10.3698 13.9342 11.5491 16.0717 18.9042 29.6936 26.9713 23.1113 39.3623 18.4132 16.1087 17.0395 13.8575 10.4767 21.4668 13.1855 12.9892 10.2859 13.0887 13.0754 23.8717 10.8962 26.0633 13.0884 28.4124 18.8159 15.5940 30.5744 10.1315 16.6343 21.8566 22.6523 0.0000 18.3821 11.7563 12.9079 16.9949 11.5349 14.0998 12.6014 13.2872 12.7957
21.1125 12.7144 20.2206 20.8648 23.8457 13.8574 14.8720 20.4497 17.9832 21.5576 26.5749 25.9299 19.0867 12.4415 33.9952 23.1721 17.5466 14.7169 23.0190 16.1322 8.6763 12.7620 10.3269 16.6151 27.8972 20.7084 16.8567 37.0109 18.9279 24.3938 20.7205 15.1475 14.1100 17.2809 21.7130 16.8368 13.6007 15.7547 14.6540 13.1192 10.9632 22.7814 12.4369 20.4507 13.0375 16.6642 28.6694 15.5087 18.8854 29.4389 8.4729 18.3821 0.0000 15.0071 14.6535 19.5586 15.5126 19.1733 11.1620 16.1811 9.0630
17.2728 14.3508 20.5190 18.9712 23.7571 13.9418 12.6409 15.8770 13.0090 15.9377 23.2662 22.4520 13.3607 12.8844 25.4595 20.5545 16.9015 18.2832 20.3708 11.7310 13.9903 7.7644 16.0696 22.4973 24.4860 23.8478 24.9908 33.5694 23.9748 13.8212 10.4701 13.2809 15.3249 18.6136 20.9677 17.0971 12.7623 16.2693 16.5903 17.9108 16.2769 18.1618 13.3177 27.6252 13.1693 19.2676 27.0457 10.0553 13.4953 25.1771 17.8313 11.7563 15.0071 0.0000 13.2606 19.6750 12.2046 16.0176 16.9278 18.5494 16.8122
23.5745 15.7564 24.4620 24.2780 28.1841 15.5585 7.1508 12.2653 22.1818 26.7465 30.6229 29.2975 19.9740 13.6776 33.0812 26.3358 16.7314 14.5863 23.1873 15.4648 14.1063 14.5142 15.4345 13.7927 33.3198 28.2807 22.9373 39.9732 15.9021 20.8315 15.6459 18.1969 16.9477 20.5691 16.9065 12.1832 9.8525 11.8427 14.7902 20.5087 16.0929 26.0508 11.5878 31.1883 18.8919 12.5738 31.2356 11.4612 19.5050 22.4910 18.0403 12.9079 14.6535 13.2606 0.0000 14.5749 9.8985 17.4839 10.8164 16.3107 15.9047
20.6375 17.5855 27.7088 25.6409 32.9498 12.3065 14.2588 13.6989 19.9833 25.3199 28.7096 30.5705 20.6036 19.1267 34.5288 24.1972 15.7720 13.4500 16.7971 22.6829 17.0879 16.9156 15.7841 14.3591 33.8632 25.2861 25.3606 47.7175 15.7377 25.6576 23.2005 24.8439 17.1617 22.9971 12.8857 10.7134 10.5184 11.4890 12.6503 21.3584 19.9498 32.7761 18.2779 30.6939 24.1145 17.5944 28.8467 17.9632 24.4513 27.4703 23.6783 16.9949 19.5586 19.6750 14.5749 0.0000 10.0994 8.1679 10.9205 18.8068 14.1072
20.7067 13.9312 23.3251 22.3155 27.7008 12.5733 8.7881 11.3148 14.0750 24.1063 24.6703 25.8783 14.0084 13.7951 28.5935 23.9204 17.3415 13.2205 16.9599 13.9419 13.9654 11.3671 13.7248 19.2351 28.8980 23.7025 23.4113 38.9067 16.9625 20.5719 16.5843 16.5863 14.2185 19.8435 15.2195 11.3848 7.1651 13.3170 15.0996 19.9636 13.7194 24.2821 12.6758 28.8555 16.9849 18.2706 28.6570 9.5639 19.3080 22.7178 20.3463 11.5349 15.5126 12.2046 9.8985 10.0994 0.0000 11.6963 12.1382 17.6406 14.0230
18.9342 15.9477 25.0371 21.5360 30.0363 10.1039 14.9477 12.0038 18.4314 20.5430 24.8557 26.9464 17.4612 17.0406 31.2668 21.3009 14.1896 14.5701 13.1266 19.2178 14.7149 13.6290 12.8345 16.1062 29.4270 21.4062 22.2908 43.2258 16.7511 21.4026 18.6833 21.8579 12.1696 20.1217 13.5424 13.9197 12.5042 13.8927 11.6038 19.7754 16.4199 30.9160 15.1661 27.8160 20.5800 18.6223 25.1374 15.2636 21.6998 25.4253 22.6269 14.0998 19.1733 16.0176 17.4839 8.1679 11.6963 0.0000 14.4868 18.7538 14.0325
21.0842 15.6058 23.6394 23.7933 28.5757 12.3331 13.5692 14.8795 20.2289 22.1867 30.4844 29.3854 19.5865 15.7250 35.5363 22.3662 16.7068 11.4732 18.0546 16.0785 10.2610 12.5649 11.7657 14.5866 31.7513 25.5305 19.4358 45.4420 14.6251 24.7234 23.2223 20.8094 11.8284 19.5434 15.0442 10.5959 10.4259 9.5457 11.2357 18.4354 12.4714 29.6553 15.7350 26.5729 19.6465 11.1975 29.3394 16.5013 20.9709 27.6423 16.1701 12.6014 11.1620 16.9278 10.8164 10.9205 12.1382 14.4868 0.0000 14.2780 7.0733
19.6187 11.3904 25.8204 26.5219 30.7051 13.9953 19.9868 16.8700 21.3213 23.9741 29.7994 30.3664 22.4245 18.0155 32.9810 29.9028 17.7706 15.6849 22.3810 20.4527 15.1024 16.5255 15.9371 16.7455 31.4706 27.1648 21.3118 44.7439 20.6567 19.1098 23.1300 18.1904 15.7498 23.9687 12.4492 13.7901 12.8929 15.6763 14.3335 24.3040 12.5638 32.4946 15.9573 28.7824 20.7997 16.4067 29.9997 18.6640 17.6910 20.4971 20.2743 13.2872 16.1811 18.5494 16.3107 18.8068 17.6406 18.7538 14.2780 0.0000 14.4710
19.3980 13.0841 23.4592 23.4431 27.8736 11.9426 16.8744 17.4945 19.3960 19.5669 29.1281 28.6232 20.0255 16.3724 34.0090 22.3885 15.1473 10.9820 17.6235 14.7976 8.5281 12.5504 11.4773 16.3617 27.1009 21.4452 16.3466 40.1311 16.4758 24.5484 23.6774 19.1676 11.4080 19.8616 15.0176 12.6234 10.5368 11.7103 8.5988 16.3113 8.9666 25.7641 15.4063 22.5737 17.5731 15.1118 29.7874 16.8845 19.6552 29.0263 13.2831 12.7957 9.0630 16.8122 15.9047 14.1072 14.0230 14.0325 7.0733 14.4710 0.0000
