0.0000 16.9435 11.3164 9.9224 15.0041 20.2851 22.1877 23.2303 16.0539 19.2825 13.6774 13.0879 9.5321 11.5261 13.6926 16.2766 17.4886 20.9659 14.1919 16.9015 12.4554 10.7876 16.8472 21.0121 15.8505 12.5897 14.8323 18.9540 24.7948 11.2366 21.0254 13.2826 26.8929 19.0002 27.7953 21.5986 17.7140 21.0483 19.5741 10.8565 12.3751 17.1871 12.8558 23.2424 19.9551 30.7403 14.4694 18.1210 14.6514 24.2237 21.6703 27.4485 12.3615 12.5151 18.5025 20.2497 15.4499 25.9969 19.5673 21.4909 24.0102
16.9435 0.0000 11.5625 16.1964 18.8880 16.4376 13.2297 13.1109 13.2803 23.3258 22.4706 24.2420 19.1492 16.8531 21.1713 28.0333 20.7040 16.8286 11.6580 15.9907 15.9051 15.9133 17.0261 14.4015 20.5079 16.3017 17.5268 33.7124 18.0513 15.0214 12.6506 11.2114 23.5969 17.0523 21.0111 14.6774 13.6379 13.7761 13.7016 16.1279 15.7252 25.2010 14.6307 25.7879 32.0963 23.3453 18.2570 13.7379 20.5411 9.8756 19.6432 22.3669 15.7253 19.6494 13.2400 21.4640 13.6973 19.6767 16.4869 13.7319 24.5487
11.3164 11.5625 0.0000 14.2558 16.6393 16.8626 16.6139 15.9976 11.7443 26.4927 23.2101 20.9706 15.7464 9.5905 22.7270 22.8793 12.7030 14.8984 8.5947 12.9939 9.0910 10.1551 13.9848 13.5599 21.3797 15.8113 13.0289 24.5048 21.1228 9.9545 14.2096 13.7017 24.4993 16.6137 18.7708 17.1753 10.7201 14.1325 15.0121 10.7253 10.3719 25.5890 12.0387 17.2960 26.2889 23.8120 13.4102 8.2286 18.0651 17.5146 16.1201 28.4148 16.0521 15.3593 11.1747 15.8420 10.5569 20.1069 13.6330 15.8289 24.0136
9.9224 16.1964 14.2558 0.0000 15.8446 21.8606 19.1593 19.5770 13.3409 18.2423 15.8693 15.9611 6.4658 18.4333 12.7504 19.9986 20.0946 24.5108 12.5880 15.2055 15.9196 10.5834 15.4751 22.8922 10.9328 9.3575 14.6953 22.4895 25.5561 10.9594 15.3079 12.4940 26.4408 21.6789 28.8064 22.1946 18.4370 18.6854 19.1831 10.9856 13.7003 15.7191 10.8601 27.2644 19.6047 31.1570 16.5880 15.3438 12.3228 22.6535 23.4931 26.4566 16.1390 15.3549 19.2608 25.4648 17.5598 25.1343 21.1955 23.2955 28.2106
15.0041 18.8880 16.6393 15.8446 0.0000 20.4419 22.2373 22.2300 14.3387 23.1433 18.2231 21.2842 15.6493 16.4595 20.6668 16.0784 9.7951 21.4391 18.4250 19.5964 11.0277 9.2987 18.9068 18.9185 19.3755 14.5158 11.4776 17.7552 23.5968 12.8426 18.8443 12.3539 29.4514 14.5405 21.7405 20.8130 16.6943 17.1792 12.0921 11.1409 8.5590 17.6081 16.8709 15.7736 22.5344 23.1271 14.0873 16.0762 18.8536 23.2706 12.5634 30.8823 8.8943 19.4907 14.9050 18.3869 15.9436 24.6179 17.5789 14.7770 23.7556
20.2851 16.4376 16.8626 21.8606 20.4419 0.0000 15.7689 12.0368 15.9912 35.5497 28.9591 26.8909 25.3428 24.0056 30.1677 32.9324 19.7021 13.4150 18.5529 18.6308 14.5892 17.8545 27.0996 12.4255 26.8949 24.1454 15.4795 34.2049 7.9875 21.8401 22.7182 15.0725 32.8693 22.6372 16.4621 16.7300 14.0969 20.1785 12.8591 17.6830 17.0258 26.6698 23.6679 19.7082 37.8675 21.5646 18.8001 16.5093 25.7309 13.7524 13.4019 36.8712 19.9816 22.6524 13.9720 14.5524 12.6675 22.5811 14.3175 13.5379 22.2639
22.1877 13.2297 16.6139 19.1593 22.2373 15.7689 0.0000 9.2683 14.7720 28.9034 29.0447 29.8930 23.0473 19.7260 26.7609 28.8102 19.6795 17.7658 14.2216 11.2351 16.4530 17.7580 23.7130 16.9035 26.6266 22.9568 19.1555 31.8213 15.7040 20.3459 17.5820 20.1767 29.9855 19.6807 21.6016 19.7520 9.2466 20.3548 15.0762 20.5984 19.2355 26.9792 17.8912 22.9082 33.3927 21.9012 21.2102 15.3636 27.3200 13.6274 18.1882 29.9564 19.7596 19.5340 12.2260 16.2470 12.6593 22.0978 12.4149 18.0601 23.5281
23.2303 13.1109 15.9976 19.5770 22.2300 12.0368 9.2683 0.0000 12.8731 33.4533 31.6053 30.0572 24.0503 24.0408 28.5566 31.8302 19.8336 10.4627 15.0657 13.0660 16.0794 18.6238 24.8704 9.6663 24.1117 23.6077 19.3388 35.5820 9.3784 19.3930 17.4612 18.1725 32.2130 22.7074 14.0629 19.7618 10.6928 17.7277 11.5436 18.4147 17.3572 29.0639 19.2952 23.1448 36.9974 16.8694 22.3890 12.2533 27.5255 8.2509 18.0530 33.9604 21.7812 22.4872 13.0167 14.3275 13.3227 19.3760 10.1665 16.2538 22.7791
16.0539 13.2803 11.7443 13.3409 14.3387 15.9912 14.7720 12.8731 0.0000 28.1434 25.8297 26.4909 16.7879 18.2654 20.8304 23.1361 12.6002 16.3885 12.3252 10.7883 11.4069 10.5183 15.6458 13.8622 14.9123 16.1841 9.5205 24.9451 18.5937 13.6968 16.0844 12.2851 29.0187 15.6737 20.5161 22.6418 15.1782 17.8346 11.9351 15.4557 7.7713 19.7101 17.3000 21.3333 26.6612 23.6508 17.2174 10.7208 21.0252 15.7653 18.1891 30.0851 14.5826 16.1836 14.4922 20.2627 13.1663 24.7887 16.3726 18.0877 25.4978
19.2825 23.3258 26.4927 18.2423 23.1433 35.5497 28.9034 33.4533 28.1434 0.0000 11.5633 14.4079 15.7956 21.5841 15.1636 21.4434 30.6305 36.1009 23.2407 27.1866 27.3608 23.4205 21.2365 33.6751 26.3111 16.6143 27.2054 28.0991 37.7671 18.7421 19.2295 24.4621 18.9068 24.7457 39.6744 25.9241 27.9397 25.3682 31.2110 23.6413 24.3484 18.9801 15.9163 36.6285 19.5876 39.6742 24.7167 28.6327 14.9132 31.6240 31.9228 16.1773 19.3291 19.2004 27.6240 35.8533 27.9813 25.9314 32.3335 30.2246 27.8306
13.6774 22.4706 23.2101 15.8693 18.2231 28.9591 29.0447 31.6053 25.8297 11.5633 0.0000 10.4960 10.9017 16.6547 14.0288 17.0564 24.8058 30.6293 23.5312 26.1902 22.3405 21.2661 21.7404 27.6536 22.1527 15.7642 21.2660 21.2758 32.1861 17.8639 24.2591 21.3692 26.2928 18.7940 33.4466 22.8584 24.7482 23.3185 25.4087 17.9259 20.8377 16.3929 17.3235 28.9489 15.6844 36.3163 18.3005 26.9191 14.6746 29.8447 23.7656 23.5674 14.5312 16.7760 23.2794 29.9018 23.8150 30.0300 27.5437 23.8296 24.0872
13.0879 24.2420 20.9706 15.9611 21.2842 26.8909 29.8930 30.0572 26.4909 14.4079 10.4960 0.0000 13.0368 14.3540 18.6214 19.1550 25.6258 31.9074 21.1975 25.0484 21.7724 20.9367 20.9203 27.0925 22.9460 15.0547 22.7689 24.4309 32.7464 15.6451 21.3880 23.1112 21.5724 20.0106 29.2362 19.4844 23.5325 23.5478 25.5617 15.6775 23.6840 21.2846 15.5882 30.7158 20.1821 35.2765 16.2763 25.1971 9.7218 31.3353 25.4724 21.7051 20.0006 18.6436 24.7061 27.7109 22.5792 22.3993 24.9783 24.8421 25.0325
9.5321 19.1492 15.7464 6.4658 15.6493 25.3428 23.0473 24.0503 16.7879 15.7956 10.9017 13.0368 0.0000 15.2824 12.9906 14.5631 18.5232 26.1813 15.2755 17.3305 15.0884 11.1403 15.9786 24.2955 13.2803 10.8350 14.2450 17.1994 29.3629 10.9799 18.0819 16.3665 25.6993 18.5057 30.2097 23.2045 17.5859 21.6169 21.5750 11.8920 13.4716 13.8580 11.1959 26.2475 14.6582 32.0728 15.1027 17.6143 10.9418 27.4260 23.3258 26.5219 14.0936 13.7461 17.9023 24.1337 16.2671 26.6337 21.8973 24.5675 26.8800
11.5261 16.8531 9.5905 18.4333 16.4595 24.0056 19.7260 24.0408 18.2654 21.5841 16.6547 14.3540 15.2824 0.0000 20.8174 18.1880 13.7072 23.6682 13.5219 15.9247 11.3057 14.8361 17.3719 21.3204 25.4429 18.7411 16.5702 20.4142 28.5152 11.9291 18.5248 18.2146 23.3347 13.0571 22.5830 18.1552 13.5826 18.2343 19.1336 12.8183 15.5592 23.5325 11.0178 18.8160 21.8280 26.6793 11.9713 15.0001 17.2141 25.0594 18.3265 23.2184 15.3297 12.2065 14.6599 16.9384 13.5010 22.2018 15.8080 18.6959 20.1439
13.6926 21.1713 22.7270 12.7504 20.6668 30.1677 26.7609 28.5566 20.8304 15.1636 14.0288 18.6214 12.9906 20.8174 0.0000 19.4278 26.4277 29.6781 21.2186 21.6987 22.6845 17.1845 24.7352 28.5606 17.0447 17.8317 21.3789 23.4094 32.3851 17.4743 25.2682 17.1547 28.0833 20.3375 36.2765 31.0430 25.1141 25.2127 24.4966 19.6735 20.0105 10.0343 17.5948 35.4186 12.9053 36.9280 26.6886 23.3108 18.7711 28.5456 31.3378 26.5427 15.3692 15.1599 27.4477 31.6065 23.7345 35.1907 29.5953 26.1091 19.9203
16.2766 28.0333 22.8793 19.9986 16.0784 32.9324 28.8102 31.8302 23.1361 21.4434 17.0564 19.1550 14.5631 18.1880 19.4278 0.0000 18.4468 30.3970 23.8718 25.6953 20.3493 18.2230 22.2288 27.9099 18.8088 20.6543 21.3143 14.4383 37.4420 17.0258 25.8101 25.6915 30.7786 17.0420 31.0846 28.9640 24.0059 24.0373 23.7396 17.6451 17.4485 18.2157 19.9769 26.5475 15.1734 33.0981 20.6826 25.6153 21.5913 35.2060 26.9794 33.6434 16.5658 20.4313 23.8485 27.1593 24.2932 31.3819 25.3476 27.8803 26.7967
17.4886 20.7040 12.7030 20.0946 9.7951 19.7021 19.6795 19.8336 12.6002 30.6305 24.8058 25.6258 18.5232 13.7072 26.4277 18.4468 0.0000 18.2451 16.8569 17.2859 7.7959 12.0098 18.8627 16.8308 22.8627 19.8229 12.0769 19.9388 24.0483 15.7466 19.4530 17.6842 30.4358 13.8457 15.8300 20.6092 13.0446 16.2917 10.5111 11.9821 9.0992 24.0912 19.3975 11.6710 25.2661 18.6741 9.4794 13.2682 23.5614 23.9636 11.3790 33.4958 13.2166 20.1398 12.4369 10.4303 13.0331 22.1583 11.9997 14.9715 22.5794
20.9659 16.8286 14.8984 24.5108 21.4391 13.4150 17.7658 10.4627 16.3885 36.1009 30.6293 31.9074 26.1813 23.6682 29.6781 30.3970 18.2451 0.0000 21.5059 20.7530 15.9793 18.8004 26.3194 6.8865 27.7407 24.0316 19.8604 32.4649 10.4722 20.3138 23.5295 17.6816 34.0029 22.4943 12.4543 21.5827 13.8830 16.9329 11.8301 18.6202 15.1154 31.6054 24.7355 19.8992 37.0049 15.7767 21.9001 14.1455 28.5490 11.6525 18.0471 38.0229 18.8262 24.9468 15.9914 14.1848 15.2649 21.6830 12.3286 12.2170 24.0905
14.1919 11.6580 8.5947 12.5880 18.4250 18.5529 14.2216 15.0657 12.3252 23.2407 23.5312 21.1975 15.2755 13.5219 21.2186 23.8718 16.8569 21.5059 0.0000 10.6316 11.5996 9.8007 15.7442 18.4451 18.5551 16.5718 14.6753 29.1084 22.9217 9.4498 11.0536 13.9444 20.7627 20.8786 24.2880 18.4072 13.8168 14.5353 18.4832 12.6618 13.9554 25.0208 8.6142 24.0957 27.0215 24.9052 15.1453 10.2908 19.3895 17.7879 20.2580 23.2233 19.1550 12.1043 12.3510 19.7104 11.6496 20.3224 16.9416 20.5431 24.3218
16.9015 15.9907 12.9939 15.2055 19.5964 18.6308 11.2351 13.0660 10.7883 27.1866 26.1902 25.0484 17.3305 15.9247 21.6987 25.6953 17.2859 20.7530 10.6316 0.0000 12.0841 12.4057 21.1074 19.3485 21.5073 21.8429 13.8554 25.4028 19.6121 13.8204 18.2493 15.9873 26.1217 18.4488 24.7165 25.2945 13.0692 20.9061 17.5721 16.3912 15.9755 22.2059 11.7531 23.2710 28.7534 27.8699 20.5037 11.1366 22.9209 16.8773 19.4136 27.6814 17.4384 15.5014 15.3328 19.4218 10.5730 26.3244 19.1946 20.7446 21.6639
12.4554 15.9051 9.0910 15.9196 11.0277 14.5892 16.4530 16.0794 11.4069 27.3608 22.3405 21.7724 15.0884 11.3057 22.6845 20.3493 7.7959 15.9793 11.5996 12.0841 0.0000 7.9018 19.7448 14.5180 20.4990 17.4498 9.8066 19.7436 18.9709 12.2212 15.4777 12.2410 27.1287 15.1719 19.2862 18.6557 9.4306 16.0836 11.1640 10.3854 9.0600 21.9685 13.5685 13.5533 25.0904 21.8128 10.7880 9.2995 20.3691 18.7311 11.4783 28.8982 13.5402 14.6945 9.5745 10.8004 7.3408 21.6080 11.0758 15.0849 20.8256
10.7876 15.9133 10.1551 10.5834 9.2987 17.8545 17.7580 18.6238 10.5183 23.4205 21.2661 20.9367 11.1403 14.8361 17.1845 18.2230 12.0098 18.8004 9.8007 12.4057 7.9018 0.0000 16.3721 16.7471 14.2134 12.3941 7.6772 19.6854 22.0063 8.3275 16.2369 9.1832 27.3632 17.9030 22.6613 22.0231 14.0578 16.8656 14.2308 9.8055 7.4179 17.0170 11.2392 19.7228 21.7595 23.4742 15.3952 9.6232 16.0725 21.4820 17.0680 28.7941 11.4995 13.6290 13.3678 18.2217 11.5453 24.2102 16.9830 18.0551 26.3595
16.8472 17.0261 13.9848 15.4751 18.9068 27.0996 23.7130 24.8704 15.6458 21.2365 21.7404 20.9203 15.9786 17.3719 24.7352 22.2288 18.8627 26.3194 15.7442 21.1074 19.7448 16.3721 0.0000 22.4034 20.0033 14.6283 12.9575 26.2170 31.1197 13.1548 15.8999 18.5899 26.8382 20.6212 26.7291 20.1982 21.7524 22.4536 24.0232 16.0011 13.5031 25.4015 15.2063 24.1029 24.7838 33.8044 14.6100 18.5528 15.0398 26.7391 24.9279 25.9168 17.7010 20.7036 21.4766 27.8483 22.7673 26.2551 24.7027 23.4938 34.2039
21.0121 14.4015 13.5599 22.8922 18.9185 12.4255 16.9035 9.6663 13.8622 33.6751 27.6536 27.0925 24.2955 21.3204 28.5606 27.9099 16.8308 6.8865 18.4451 19.3485 14.5180 16.7471 22.4034 0.0000 24.8619 21.1122 15.6643 31.1442 11.4876 16.1481 19.8447 17.0477 31.5771 18.5362 7.7159 16.8759 11.0315 15.0862 8.4162 16.7304 13.7722 29.2751 21.2005 19.7263 33.4243 14.6585 19.4820 11.0608 23.5470 10.8604 15.6797 35.5972 17.4820 23.4689 12.7051 15.9224 13.0223 18.2934 11.6136 11.0504 23.3073
15.8505 20.5079 21.3797 10.9328 19.3755 26.8949 26.6266 24.1117 14.9123 26.3111 22.1527 22.9460 13.2803 25.4429 17.0447 18.8088 22.8627 27.7407 18.5551 21.5073 20.4990 14.2134 20.0033 24.8619 0.0000 15.4989 16.2901 19.2903 30.2632 16.8964 22.4494 15.7049 35.0417 25.4337 31.7851 28.8225 24.8918 24.1728 21.3589 17.9027 16.4113 17.6635 19.4999 31.8203 22.2219 33.6098 24.2229 19.6857 20.1430 26.7974 28.7987 34.1144 20.0534 19.9555 24.1515 30.5003 23.2727 31.9632 27.4626 27.2721 35.0590
12.5897 16.3017 15.8113 9.3575 14.5158 24.1454 22.9568 23.6077 16.1841 16.6143 15.7642 15.0547 10.8350 18.7411 17.8317 20.6543 19.8229 24.0316 16.5718 21.8429 17.4498 12.3941 14.6283 21.1122 15.4989 0.0000 15.5393 25.7487 27.1128 11.5309 11.7784 13.2503 22.1652 19.8017 27.5961 16.8593 19.7185 17.6295 18.3787 11.8429 13.8199 20.4716 14.2173 26.5193 21.9938 29.7413 14.6280 17.2739 7.7770 24.3312 22.4385 22.9966 14.6988 20.0740 19.1018 27.4511 19.9188 20.1594 21.7039 21.0329 30.0183
14.8323 17.5268 13.0289 14.6953 11.4776 15.4795 19.1555 19.3388 9.5205 27.2054 21.2660 22.7689 14.2450 16.5702 21.3789 21.3143 12.0769 19.8604 14.6753 13.8554 9.8066 7.6772 12.9575 15.6643 16.2901 15.5393 0.0000 20.2589 19.4996 13.1694 20.6487 9.7000 31.1063 14.2805 21.4238 22.6974 15.0589 21.7223 15.1175 12.8067 7.9807 16.2681 16.0634 17.6007 23.1988 27.0466 14.6473 11.4510 17.2927 20.8799 14.9730 32.5372 11.1848 16.1817 15.1023 19.7376 13.4220 29.2009 19.3603 16.9237 27.2077
18.9540 33.7124 24.5048 22.4895 17.7552 34.2049 31.8213 35.5820 24.9451 28.0991 21.2758 24.4309 17.1994 20.4142 23.4094 14.4383 19.9388 32.4649 29.1084 25.4028 19.7436 19.6854 26.2170 31.1442 19.2903 25.7487 20.2589 0.0000 38.1971 23.5148 34.1173 26.3823 40.7763 23.0131 34.7363 36.8588 26.1136 33.3562 26.4684 24.8702 19.3216 17.9084 25.0868 21.9767 19.8643 38.0954 26.8840 25.1214 25.4640 37.9228 25.7051 40.7934 21.5529 23.0094 25.7925 26.8954 23.9602 40.2957 29.4653 30.1015 33.6334
24.7948 18.0513 21.1228 25.5561 23.5968 7.9875 15.7040 9.3784 18.5937 37.7671 32.1861 32.7464 29.3629 28.5152 32.3851 37.4420 24.0483 10.4722 22.9217 19.6121 18.9709 22.0063 31.1197 11.4876 30.2632 27.1128 19.4996 38.1971 0.0000 25.6475 24.9889 16.2116 35.4769 25.9146 15.7426 21.5437 17.1352 21.2839 14.5210 21.5469 21.1911 28.9403 26.0512 21.8144 42.3771 19.5639 23.0889 17.6741 31.0864 10.5175 16.7507 39.4970 22.6885 27.3194 18.3430 16.0877 16.8355 24.3414 15.3107 14.9718 24.6022
11.2366 15.0214 9.9545 10.9594 12.8426 21.8401 20.3459 19.3930 13.6968 18.7421 17.8639 15.6451 10.9799 11.9291 17.4743 17.0258 15.7466 20.3138 9.4498 13.8204 12.2212 8.3275 13.1548 16.1481 16.8964 11.5309 13.1694 23.5148 25.6475 0.0000 13.1827 13.1157 20.2782 16.5998 21.7746 17.9625 13.6158 12.1615 16.0895 7.5391 10.8900 20.8207 5.5220 24.9553 20.3055 23.7666 14.5700 11.5298 11.7549 22.0393 22.2799 22.5262 12.5316 12.4082 15.7224 21.4926 13.3171 18.7209 18.1434 16.8560 23.1384
21.0254 12.6506 14.2096 15.3079 18.8443 22.7182 17.5820 17.4612 16.0844 19.2295 24.2591 21.3880 18.0819 18.5248 25.2682 25.8101 19.4530 23.5295 11.0536 18.2493 15.4777 16.2369 15.8999 19.8447 22.4494 11.7784 20.6487 34.1173 24.9889 13.1827 0.0000 17.3816 17.0384 20.5763 23.9148 13.5323 16.5821 10.7824 16.5167 14.6468 17.0594 28.9108 12.6650 25.2167 30.6995 23.8556 14.6536 14.7480 15.3169 19.2911 20.1276 18.9273 20.2752 19.5733 15.5034 24.0491 18.3319 13.8210 17.7460 20.1721 28.1546
13.2826 11.2114 13.7017 12.4940 12.3539 15.0725 20.1767 18.1725 12.2851 24.4621 21.3692 23.1112 16.3665 18.2146 17.1547 25.6915 17.6842 17.6816 13.9444 15.9873 12.2410 9.1832 18.5899 17.0477 15.7049 13.2503 9.7000 26.3823 16.2116 13.1157 17.3816 0.0000 27.2771 18.3553 24.7636 21.9332 18.8984 16.7846 14.8905 12.7281 10.8825 15.3986 15.3631 21.7317 28.5387 26.7104 17.9567 12.7810 18.5652 15.1472 18.1851 27.1116 11.5504 17.4113 17.8529 22.5254 16.4644 26.6044 21.0352 16.3906 27.3466
26.8929 23.5969 24.4993 26.4408 29.4514 32.8693 29.9855 32.2130 29.0187 18.9068 26.2928 21.5724 25.6993 23.3347 28.0833 30.7786 30.4358 34.0029 20.7627 26.1217 27.1287 27.3632 26.8382 31.5771 35.0417 22.1652 31.1063 40.7763 35.4769 20.2782 17.0384 27.2771 0.0000 25.6753 35.1673 20.7945 27.2427 20.6237 28.8618 23.8601 29.2386 33.7744 18.8169 38.8291 35.3527 35.0935 24.0523 27.4464 20.1373 30.6025 33.7340 12.8736 26.0647 24.0450 26.8941 31.3858 24.9871 18.8138 29.8506 28.2889 27.2484
19.0002 17.0523 16.6137 21.6789 14.5405 22.6372 19.6807 22.7074 15.6737 24.7457 18.7940 20.0106 18.5057 13.0571 20.3375 17.0420 13.8457 22.4943 20.8786 18.4488 15.1719 17.9030 20.6212 18.5362 25.4337 19.8017 14.2805 23.0131 25.9146 16.5998 20.5763 18.3553 25.6753 0.0000 21.6153 20.4609 15.1912 18.2578 13.5314 15.3095 15.9818 18.1921 18.7077 22.6283 21.5628 25.8720 16.3901 18.3587 20.4778 21.1481 17.8769 25.8783 11.0014 17.2839 16.7980 20.4623 16.2173 26.5624 17.6480 15.8000 18.1654
27.7953 21.0111 18.7708 28.8064 21.7405 16.4621 21.6016 14.0629 20.5161 39.6744 33.4466 29.2362 30.2097 22.5830 36.2765 31.0846 15.8300 12.4543 24.2880 24.7165 19.2862 22.6613 26.7291 7.7159 31.7851 27.5961 21.4238 34.7363 15.7426 21.7746 23.9148 24.7636 35.1673 21.6153 0.0000 17.5057 15.5136 17.3528 12.0488 19.4964 20.7390 35.8229 25.2244 19.2161 38.1286 12.3816 19.7398 15.8293 28.1568 16.6770 14.8498 40.1221 24.5313 29.9701 17.8233 14.0814 18.4040 18.7249 11.9808 13.2950 25.3473
21.5986 14.6774 17.1753 22.1946 20.8130 16.7300 19.7520 19.7618 22.6418 25.9241 22.8584 19.4844 23.2045 18.1552 31.0430 28.9640 20.6092 21.5827 18.4072 25.2945 18.6557 22.0231 20.1982 16.8759 28.8225 16.8593 22.6974 36.8588 21.5437 17.9625 13.5323 21.9332 20.7945 20.4609 17.5057 0.0000 14.0478 14.8014 14.7832 14.9832 22.3900 34.3086 18.8813 25.6399 33.8298 23.5550 12.5721 21.6653 17.2600 20.8419 18.8056 25.1323 21.6175 24.5953 14.4138 18.5466 15.8917 12.2446 14.4505 15.5828 24.4745
17.7140 13.6379 10.7201 18.4370 16.6943 14.0969 9.2466 10.6928 15.1782 27.9397 24.7482 23.5325 17.5859 13.5826 25.1141 24.0059 13.0446 13.8830 13.8168 13.0692 9.4306 14.0578 21.7524 11.0315 24.8918 19.7185 15.0589 26.1136 17.1352 13.6158 16.5821 18.8984 27.2427 15.1912 15.5136 14.0478 0.0000 15.6994 9.8352 12.9811 15.0277 26.6053 14.7821 18.9583 27.2712 17.3766 15.2609 11.5693 20.6544 15.6423 14.4342 30.1703 15.6684 17.4506 7.7053 10.1257 6.2977 17.5522 7.3897 11.5859 18.4293
21.0483 13.7761 14.1325 18.6854 17.1792 20.1785 20.3548 17.7277 17.8346 25.3682 23.3185 23.5478 21.6169 18.2343 25.2127 24.0373 16.2917 16.9329 14.5353 20.9061 16.0836 16.8656 22.4536 15.0862 24.1728 17.6295 21.7223 33.3562 21.2839 12.1615 10.7824 16.7846 20.6237 18.2578 17.3528 14.8014 15.6994 0.0000 11.1791 12.2526 16.9486 30.6813 15.5366 22.3435 30.7419 15.1125 15.3838 13.8180 21.5666 17.5668 18.3762 25.8159 17.2107 21.3537 15.9183 20.0557 18.0170 15.2378 14.9339 14.0087 23.0970
19.5741 13.7016 15.0121 19.1831 12.0921 12.8591 15.0762 11.5436 11.9351 31.2110 25.4087 25.5617 21.5750 19.1336 24.4966 23.7396 10.5111 11.8301 18.4832 17.5721 11.1640 14.2308 24.0232 8.4162 21.3589 18.3787 15.1175 26.4684 14.5210 16.0895 16.5167 14.8905 28.8618 13.5314 12.0488 14.7832 9.8352 11.1791 0.0000 13.5928 11.9263 25.2331 20.3780 17.7097 29.5853 13.8901 15.7967 12.3081 23.8588 14.0917 12.7070 31.9258 13.9401 21.8721 10.1123 12.0233 10.3166 16.7437 8.4044 9.7915 18.8314
10.8565 16.1279 10.7253 10.9856 11.1409 17.6830 20.5984 18.4147 15.4557 23.6413 17.9259 15.6775 11.8920 12.8183 19.6735 17.6451 11.9821 18.6202 12.6618 16.3912 10.3854 9.8055 16.0011 16.7304 17.9027 11.8429 12.8067 24.8702 21.5469 7.5391 14.6468 12.7281 23.8601 15.3095 19.4964 14.9832 12.9811 12.2526 13.5928 0.0000 12.0753 23.2097 10.5134 18.5408 22.8908 24.0041 8.1889 14.2429 14.3616 21.2275 16.8503 26.7620 10.9292 16.9433 14.9159 16.7998 12.7381 18.4840 14.3188 15.8578 21.1989
12.3751 15.7252 10.3719 13.7003 8.5590 17.0258 19.2355 17.3572 7.7713 24.3484 20.8377 23.6840 13.4716 15.5592 20.0105 17.4485 9.0992 15.1154 13.9554 15.9755 9.0600 7.4179 13.5031 13.7722 16.4113 13.8199 7.9807 19.3216 21.1911 10.8900 17.0594 10.8825 29.2386 15.9818 20.7390 22.3900 15.0277 16.9486 11.9263 12.0753 0.0000 17.9102 15.8957 16.3623 22.9351 22.5835 14.6227 10.1681 18.2924 19.6092 15.3469 30.6695 9.8173 14.2491 12.1950 18.5291 13.3238 24.2933 15.5157 17.0869 25.3913
17.1871 25.2010 25.5890 15.7191 17.6081 26.6698 26.9792 29.0639 19.7101 18.9801 16.3929 21.2846 13.8580 23.5325 10.0343 18.2157 24.0912 31.6054 25.0208 22.2059 21.9685 17.0170 25.4015 29.2751 17.6635 20.4716 16.2681 17.9084 28.9403 20.8207 28.9108 15.3986 33.7744 18.1921 35.8229 34.3086 26.6053 30.6813 25.2331 23.2097 17.9102 0.0000 21.6061 31.8541 15.7906 37.9919 28.0979 23.5377 21.3683 29.0242 28.2084 31.5667 15.2950 16.7298 26.3808 31.5900 24.5080 39.2883 31.3279 27.9104 26.3722
12.8558 14.6307 12.0387 10.8601 16.8709 23.6679 17.8912 19.2952 17.3000 15.9163 17.3235 15.5882 11.1959 11.0178 17.5948 19.9769 19.3975 24.7355 8.6142 11.7531 13.5685 11.2392 15.2063 21.2005 19.4999 14.2173 16.0634 25.0868 26.0512 5.5220 12.6650 15.3631 18.8169 18.7077 25.2244 18.8813 14.7821 15.5366 20.3780 10.5134 15.8957 21.6061 0.0000 27.1218 21.8119 28.9025 16.4033 13.7177 13.3197 21.5014 22.1419 19.9807 15.3718 12.8371 16.3899 21.8718 13.4289 20.4397 19.9787 21.0528 22.6153
23.2424 25.7879 17.2960 27.2644 15.7736 19.7082 22.9082 23.1448 21.3333 36.6285 28.9489 30.7158 26.2475 18.8160 35.4186 26.5475 11.6710 19.8992 24.0957 23.2710 13.5533 19.7228 24.1029 19.7263 31.8203 26.5193 17.6007 21.9767 21.8144 24.9553 25.2167 21.7317 38.8291 22.6283 19.2161 25.6399 18.9583 22.3435 17.7097 18.5408 16.3623 31.8541 27.1218 0.0000 33.9235 23.3572 14.9022 17.2889 29.6531 24.9892 9.7883 41.2201 21.3914 27.8642 17.4995 15.0021 19.9523 28.8186 16.6474 18.2257 28.4777
19.9551 32.0963 26.2889 19.6047 22.5344 37.8675 33.3927 36.9974 26.6612 19.5876 15.6844 20.1821 14.6582 21.8280 12.9053 15.1734 25.2661 37.0049 27.0215 28.7534 25.0904 21.7595 24.7838 33.4243 22.2219 21.9938 23.1988 19.8643 42.3771 20.3055 30.6995 28.5387 35.3527 21.5628 38.1286 33.8298 27.2712 30.7419 29.5853 22.8908 22.9351 15.7906 21.8119 33.9235 0.0000 41.1171 26.2517 28.2279 21.6967 40.3731 31.1590 34.8819 21.5009 21.2324 27.6135 33.9237 27.0838 37.5649 31.3609 33.5082 23.3789
30.7403 23.3453 23.8120 31.1570 23.1271 21.5646 21.9012 16.8694 23.6508 39.6742 36.3163 35.2765 32.0728 26.6793 36.9280 33.0981 18.6741 15.7767 24.9052 27.8699 21.8128 23.4742 33.8044 14.6585 33.6098 29.7413 27.0466 38.0954 19.5639 23.7666 23.8556 26.7104 35.0935 25.8720 12.3816 23.5550 17.3766 15.1125 13.8901 24.0041 22.5835 37.9919 28.9025 23.3572 41.1171 0.0000 24.6078 19.5367 33.3412 20.5348 20.8172 40.2731 26.5784 28.9551 19.6863 15.5864 21.4882 19.8542 13.1195 15.0849 27.1854
14.4694 18.2570 13.4102 16.5880 14.0873 18.8001 21.2102 22.3890 17.2174 24.7167 18.3005 16.2763 15.1027 11.9713 26.6886 20.6826 9.4794 21.9001 15.1453 20.5037 10.7880 15.3952 14.6100 19.4820 24.2229 14.6280 14.6473 26.8840 23.0889 14.5700 14.6536 17.9567 24.0523 16.3901 19.7398 12.5721 15.2609 15.3838 15.7967 8.1889 14.6227 28.0979 16.4033 14.9022 26.2517 24.6078 0.0000 18.6699 16.5768 24.7033 13.6411 26.7806 15.6822 19.3655 14.9540 14.8670 14.9816 16.6770 12.6745 16.6885 22.7435
18.1210 13.7379 8.2286 15.3438 16.0762 16.5093 15.3636 12.2533 10.7208 28.6327 26.9191 25.1971 17.6143 15.0001 23.3108 25.6153 13.2682 14.1455 10.2908 11.1366 9.2995 9.6232 18.5528 11.0608 19.6857 17.2739 11.4510 25.1214 17.6741 11.5298 14.7480 12.7810 27.4464 18.3587 15.8293 21.6653 11.5693 13.8180 12.3081 14.2429 10.1681 23.5377 13.7177 17.2889 28.2279 19.5367 18.6699 0.0000 20.7059 13.7056 14.9268 30.5548 17.1400 17.7715 10.7437 18.4129 10.9383 22.1349 15.1871 15.7417 24.9552
14.6514 20.5411 18.0651 12.3228 18.8536 25.7309 27.3200 27.5255 21.0252 14.9132 14.6746 9.7218 10.9418 17.2141 18.7711 21.5913 23.5614 28.5490 19.3895 22.9209 20.3691 16.0725 15.0398 23.5470 20.1430 7.7770 17.2927 25.4640 31.0864 11.7549 15.3169 18.5652 20.1373 20.4778 28.1568 17.2600 20.6544 21.5666 23.8588 14.3616 18.2924 21.3683 13.3197 29.6531 21.6967 33.3412 16.5768 20.7059 0.0000 28.8179 24.7733 21.6976 16.4811 18.0535 22.7593 29.4144 21.5423 21.8749 25.5651 22.3994 29.9969
24.2237 9.8756 17.5146 22.6535 23.2706 13.7524 13.6274 8.2509 15.7653 31.6240 29.8447 31.3353 27.4260 25.0594 28.5456 35.2060 23.9636 11.6525 17.7879 16.8773 18.7311 21.4820 26.7391 10.8604 26.7974 24.3312 20.8799 37.9228 10.5175 22.0393 19.2911 15.1472 30.6025 21.1481 16.6770 20.8419 15.6423 17.5668 14.0917 21.2275 19.6092 29.0242 21.5014 24.9892 40.3731 20.5348 24.7033 13.7056 28.8179 0.0000 18.0996 30.4334 20.1681 25.2238 15.8939 20.9175 16.3399 22.8849 16.8610 14.2888 25.2978
21.6703 19.6432 16.1201 23.4931 12.5634 13.4019 18.1882 18.0530 18.1891 31.9228 23.7656 25.4724 23.3258 18.3265 31.3378 26.9794 11.3790 18.0471 20.2580 19.4136 11.4783 17.0680 24.9279 15.6797 28.7987 22.4385 14.9730 25.7051 16.7507 22.2799 20.1276 18.1851 33.7340 17.8769 14.8498 18.8056 14.4342 18.3762 12.7070 16.8503 15.3469 28.2084 22.1419 9.7883 31.1590 20.8172 13.6411 14.9268 24.7733 18.0996 0.0000 36.6615 17.3106 24.9720 12.5480 14.7209 15.1206 24.3359 13.7903 13.6356 23.5316
27.4485 22.3669 28.4148 26.4566 30.8823 36.8712 29.9564 33.9604 30.0851 16.1773 23.5674 21.7051 26.5219 23.2184 26.5427 33.6434 33.4958 38.0229 23.2233 27.6814 28.8982 28.7941 25.9168 35.5972 34.1144 22.9966 32.5372 40.7934 39.4970 22.5262 18.9273 27.1116 12.8736 25.8783 40.1221 25.1323 30.1703 25.8159 31.9258 26.7620 30.6695 31.5667 19.9807 41.2201 34.8819 40.2731 26.7806 30.5548 21.6976 30.4334 36.6615 0.0000 26.2992 23.6133 30.7079 35.7475 29.0804 23.7686 32.8482 31.4922 31.4074
12.3615 15.7253 16.0521 16.1390 8.8943 19.9816 19.7596 21.7812 14.5826 19.3291 14.5312 20.0006 14.0936 15.3297 15.3692 16.5658 13.2166 18.8262 19.1550 17.4384 13.5402 11.4995 17.7010 17.4820 20.0534 14.6988 11.1848 21.5529 22.6885 12.5316 20.2752 11.5504 26.0647 11.0014 24.5313 21.6175 15.6684 17.2107 13.9401 10.9292 9.8173 15.2950 15.3718 21.3914 21.5009 26.5784 15.6822 17.1400 16.4811 20.1681 17.3106 26.2992 0.0000 15.8627 16.4292 21.5989 15.8236 27.5061 20.3910 14.5905 21.3921
12.5151 19.6494 15.3593 15.3549 19.4907 22.6524 19.5340 22.4872 16.1836 19.2004 16.7760 18.6436 13.7461 12.2065 15.1599 20.4313 20.1398 24.9468 12.1043 15.5014 14.6945 13.6290 20.7036 23.4689 19.9555 20.0740 16.1817 23.0094 27.3194 12.4082 19.5733 17.4113 24.0450 17.2839 29.9701 24.5953 17.4506 21.3537 21.8721 16.9433 14.2491 16.7298 12.8371 27.8642 21.2324 28.9551 19.3655 17.7715 18.0535 25.2238 24.9720 23.6133 15.8627 0.0000 18.3156 22.6334 15.7400 27.6194 20.2899 24.0841 20.5833
18.5025 13.2400 11.1747 19.2608 14.9050 13.9720 12.2260 13.0167 14.4922 27.6240 23.2794 24.7061 17.9023 14.6599 27.4477 23.8485 12.4369 15.9914 12.3510 15.3328 9.5745 13.3678 21.4766 12.7051 24.1515 19.1018 15.1023 25.7925 18.3430 15.7224 15.5034 17.8529 26.8941 16.7980 17.8233 14.4138 7.7053 15.9183 10.1123 14.9159 12.1950 26.3808 16.3899 17.4995 27.6135 19.6863 14.9540 10.7437 22.7593 15.8939 12.5480 30.7079 16.4292 18.3156 0.0000 12.8214 5.9974 18.1494 10.1850 15.5281 21.4925
20.2497 21.4640 15.8420 25.4648 18.3869 14.5524 16.2470 14.3275 20.2627 35.8533 29.9018 27.7109 24.1337 16.9384 31.6065 27.1593 10.4303 14.1848 19.7104 19.4218 10.8004 18.2217 27.8483 15.9224 30.5003 27.4511 19.7376 26.8954 16.0877 21.4926 24.0491 22.5254 31.3858 20.4623 14.0814 18.5466 10.1257 20.0557 12.0233 16.7998 18.5291 31.5900 21.8718 15.0021 33.9237 15.5864 14.8670 18.4129 29.4144 20.9175 14.7209 35.7475 21.5989 22.6334 12.8214 0.0000 9.5436 19.1863 6.9025 14.8502 19.5766
15.4499 13.6973 10.5569 17.5598 15.9436 12.6675 12.6593 13.3227 13.1663 27.9813 23.8150 22.5792 16.2671 13.5010 23.7345 24.2932 13.0331 15.2649 11.6496 10.5730 7.3408 11.5453 22.7673 13.0223 23.2727 19.9188 13.4220 23.9602 16.8355 13.3171 18.3319 16.4644 24.9871 16.2173 18.4040 15.8917 6.2977 18.0170 10.3166 12.7381 13.3238 24.5080 13.4289 19.9523 27.0838 21.4882 14.9816 10.9383 21.5423 16.3399 15.1206 29.0804 15.8236 15.7400 5.9974 9.5436 0.0000 19.0111 10.8647 15.0030 18.3319
25.9969 19.6767 20.1069 25.1343 24.6179 22.5811 22.0978 19.3760 24.7887 25.9314 30.0300 22.3993 26.6337 22.2018 35.1907 31.3819 22.1583 21.6830 20.3224 26.3244 21.6080 24.2102 26.2551 18.2934 31.9632 20.1594 29.2009 40.2957 24.3414 18.7209 13.8210 26.6044 18.8138 26.5624 18.7249 12.2446 17.5522 15.2378 16.7437 18.4840 24.2933 39.2883 20.4397 28.8186 37.5649 19.8542 16.6770 22.1349 21.8749 22.8849 24.3359 23.7686 27.5061 27.6194 18.1494 19.1863 19.0111 0.0000 14.9001 21.2327 27.0501
19.5673 16.4869 13.6330 21.1955 17.5789 14.3175 12.4149 10.1665 16.3726 32.3335 27.5437 24.9783 21.8973 15.8080 29.5953 25.3476 11.9997 12.3286 16.9416 19.1946 11.0758 16.9830 24.7027 11.6136 27.4626 21.7039 19.3603 29.4653 15.3107 18.1434 17.7460 21.0352 29.8506 17.6480 11.9808 14.4505 7.3897 14.9339 8.4044 14.3188 15.5157 31.3279 19.9787 16.6474 31.3609 13.1195 12.6745 15.1871 25.5651 16.8610 13.7903 32.8482 20.3910 20.2899 10.1850 6.9025 10.8647 14.9001 0.0000 13.0699 18.8005
21.4909 13.7319 15.8289 23.2955 14.7770 13.5379 18.0601 16.2538 18.0877 30.2246 23.8296 24.8421 24.5675 18.6959 26.1091 27.8803 14.9715 12.2170 20.5431 20.7446 15.0849 18.0551 23.4938 11.0504 27.2721 21.0329 16.9237 30.1015 14.9718 16.8560 20.1721 16.3906 28.2889 15.8000 13.2950 15.5828 11.5859 14.0087 9.7915 15.8578 17.0869 27.9104 21.0528 18.2257 33.5082 15.0849 16.6885 15.7417 22.3994 14.2888 13.6356 31.4922 14.5905 24.0841 15.5281 14.8502 15.0030 21.2327 13.0699 0.0000 18.6430
24.0102 24.5487 24.0136 28.2106 23.7556 22.2639 23.5281 22.7791 25.4978 27.8306 24.0872 25.0325 26.8800 20.1439 19.9203 26.7967 22.5794 24.0905 24.3218 21.6639 20.8256 26.3595 34.2039 23.3073 35.0590 30.0183 27.2077 33.6334 24.6022 23.1384 28.1546 27.3466 27.2484 18.1654 25.3473 24.4745 18.4293 23.0970 18.8314 21.1989 25.3913 26.3722 22.6153 28.4777 23.3789 27.1854 22.7435 24.9552 29.9969 25.2978 23.5316 31.4074 21.3921 20.5833 21.4925 19.5766 18.3319 27.0501 18.8005 18.6430 0.0000
